v arumajiro pnt 967
0.549779 0.022001 0.645998  0.591679 0.54784 0.591429  0.483393 0.400672  
0.629237 -0.007194 0.594293  0.75706 0.380216 0.531315  0.490517 0.432186  
0.646042 0.116926 0.482447  0.709294 0.43349 0.555868  0.527171 0.444187  
0.545151 0.142946 0.528528  0.519628 0.56986 0.636589  0.520822 0.416101  
0.564103 -0.0215 0.702402  0.474346 0.396146 -0.786171  0.467075 0.388894  
0.610541 -0.091273 0.67184  0.891352 0.192096 0.410598  0.465327 0.423272  
0.656102 -0.03639 0.542587  0.920713 0.120243 0.371253  0.49764 0.4637  
0.676216 0.090907 0.436367  0.891549 0.214893 0.398701  0.533519 0.472272  
0.492751 0.152613 0.545649  0 0.705223 0.708986  0.518463 0.405666  
0.492751 0.032849 0.665209  0 0.743849 0.668348  0.480747 0.388963  
0.612539 -0.046019 0.738431  0.097611 -0.595958 0.79706  0.457022 0.38039  
0.594958 -0.109028 0.69793  0.966568 -0.056728 0.250057  0.458048 0.417114  
0.609195 -0.146188 0.634468  0.948065 -0.045719 0.314772  0.46664 0.456191  
0.622826 -0.000804 0.724654  0.459061 0.570529 -0.680999  0.464932 0.372892  
0.622826 -0.023573 0.758111  0.136844 -0.624632 0.768836  0.455596 0.364996  
0.609195 -0.163943 0.660558  0.966568 -0.056728 0.250057  0.459361 0.450033  
0.641765 0.112412 0.826479  0.847529 0.34009 -0.407473  0.457224 0.294119  
0.641765 0.116606 0.837413  0.992452 -0.101381 -0.068994  0.455494 0.288049  
0.641765 0.104896 0.837523  0.707037 -0.484085 0.51552  0.454143 0.291513  
0.3294 -0.03639 0.542587  -0.920714 0.120241 0.371251  0.455254 0.047562  
0.356265 -0.007194 0.594293  -0.757061 0.380215 0.531315  0.45059 0.079081  
0.33946 0.116926 0.482447  -0.709295 0.433489 0.555867  0.486196 0.064625  
0.309287 0.090907 0.436367  -0.89155 0.214892 0.398698  0.490353 0.036535  
0.376307 -0.146188 0.634468  -0.966568 -0.056732 0.250057  0.424937 0.057191  
0.374961 -0.091273 0.67184  -0.891352 0.192094 0.410598  0.426172 0.089673  
0.435723 0.022001 0.645998  -0.591679 0.547839 0.591429  0.445925 0.110601  
0.440351 0.142946 0.528528  -0.519628 0.56986 0.63659  0.482038 0.092716  
0.376307 -0.163943 0.660558  -0.966568 -0.056732 0.250057  0.418157 0.063775  
0.390544 -0.109028 0.69793  -0.908145 0.333097 -0.253611  0.419392 0.096257  
0.421399 -0.0215 0.702402  -0.713372 0.495677 0.495384  0.43057 0.123369  
0.492751 0.032849 0.665209  0 0.743849 0.668348  0.444192 0.122312  
0.492751 0.152613 0.545649  0 0.705223 0.708986  0.480494 0.103152  
0.372963 -0.046019 0.738431  -0.097611 -0.595959 0.79706  0.421207 0.132462  
0.362676 -0.023573 0.758111  -0.136844 -0.624632 0.768836  0.420976 0.147709  
0.362676 -0.000804 0.724654  -0.459062 0.570529 -0.680999  0.42967 0.139266  
0.343737 0.112412 0.826479  -0.847528 0.340091 -0.407473  0.428076 0.217322  
0.343737 0.104896 0.837523  -0.707036 -0.484085 0.515521  0.425206 0.220109  
0.343737 0.116606 0.837413  -0.992453 -0.10138 -0.068994  0.42682 0.223419  
0.641765 0.116606 0.837413  -0.743362 0.55298 0.376333  0.524478 0.270005  
0.566413 0.043415 0.787603  0.138911 0.8187 0.557166  0.516512 0.196395  
0.566413 0.024248 0.798671  0.096574 0.338799 0.935889  0.512018 0.196593  
0.641765 0.104896 0.837523  -0.669234 0.252927 0.69868  0.522397 0.264753  
0.641765 0.112412 0.826479  -0.669235 0.742752 -0.021075  0.524828 0.259261  
0.566413 0.046678 0.765711  0.096593 0.994924 -0.02822  0.519274 0.180202  
0.492751 0.132682 0.848354  -0.813893 0.480337 0.326886  0.48057 0.274976  
0.419089 0.043415 0.787603  -0.138908 0.818701 0.557165  0.470853 0.185199  
0.419089 0.024248 0.798671  -0.096572 0.338799 0.93589  0.46636 0.185397  
0.492751 0.120972 0.848464  -0.750395 0.224994 0.621519  0.478489 0.269724  
0.492751 0.128488 0.83742  -0.7504 0.660719 -0.018732  0.48092 0.264232  
0.419089 0.046678 0.765711  -0.096589 0.994924 -0.028217  0.473615 0.169005  
0.566413 0.024248 0.798671  0.096574 0.338799 0.935889  0.527394 0.253613  
0.566413 0.043415 0.787603  0.138911 0.8187 0.557166  0.531887 0.253811  
0.492751 0.132682 0.848354  0.813893 0.480336 0.326887  0.541604 0.164034  
0.492751 0.120972 0.848464  0.750392 0.224995 0.621521  0.539522 0.169285  
0.566413 0.046678 0.765711  0.096593 0.994924 -0.02822  0.534649 0.270005  
0.492751 0.128488 0.83742  0.750401 0.660717 -0.018733  0.541954 0.174778  
0.419089 0.024248 0.798671  -0.096572 0.338799 0.93589  0.496643 0.253613  
0.419089 0.043415 0.787603  -0.138908 0.818701 0.557165  0.501136 0.253811  
0.343737 0.116606 0.837413  0.743361 0.552981 0.376332  0.509103 0.180202  
0.343737 0.104896 0.837523  0.669234 0.252928 0.69868  0.507022 0.185453  
0.419089 0.046678 0.765711  -0.096589 0.994924 -0.028217  0.503898 0.270005  
0.343737 0.112412 0.826479  0.669236 0.742751 -0.021072  0.509453 0.190946  
0.492751 0.077831 0.413208  -0 0.870776 -0.49168  0.602582 0.037283  
0.492751 0.152613 0.545649  -0 0.870776 -0.49168  0.602582 0.178357  
0.545151 0.142946 0.528528  -0 0.870776 -0.49168  0.619698 0.16012  
0.646042 0.116926 0.482447  -0 0.870776 -0.49168  0.652654 0.111036  
0.676216 0.090907 0.436367  -0 0.870776 -0.49168  0.66251 0.061952  
0.440351 0.142946 0.528528  0 0.870776 -0.49168  0.585467 0.16012  
0.309287 0.090907 0.436367  0 0.870776 -0.49168  0.542655 0.061952  
0.33946 0.116926 0.482447  0 0.870776 -0.49168  0.552511 0.111036  
0.492751 -0.027311 0.751164  0 -0.57141 0.820665  0.380332 0.357472  
0.492751 -0.191542 0.641775  -0.27559 -0.794702 -0.540832  0.380332 0.434713  
0.609195 -0.163943 0.660558  0.275589 -0.794701 -0.540833  0.418368 0.42158  
0.594958 -0.109028 0.69793  -0.004021 -0.553015 0.833162  0.413717 0.395449  
0.612539 -0.046019 0.738431  0.097611 -0.595958 0.79706  0.41946 0.366375  
0.376307 -0.163943 0.660558  -0.27559 -0.794702 -0.540832  0.342296 0.42158  
0.372963 -0.046019 0.738431  -0.097611 -0.595959 0.79706  0.341204 0.366375  
0.390544 -0.109028 0.69793  0.004021 -0.553015 0.833162  0.346947 0.395449  
0.492751 -0.173787 0.615686  0 -0.689465 -0.724319  0.380332 0.440852  
0.609195 -0.146188 0.634468  0.223173 -0.666364 -0.711444  0.418368 0.427719  
0.622826 -0.023573 0.758111  0.136844 -0.624632 0.768836  0.42282 0.354011  
0.641765 0.104896 0.837523  0.707037 -0.484085 0.51552  0.429007 0.295942  
0.566413 0.024248 0.798671  -0.025027 -0.5866 0.80949  0.404393 0.328192  
0.492751 0.120972 0.848464  0 -0.586783 0.809744  0.380332 0.288292  
0.376307 -0.146188 0.634468  -0.223173 -0.666365 -0.711444  0.342296 0.427719  
0.419089 0.024248 0.798671  0.025027 -0.586599 0.80949  0.356271 0.328192  
0.343737 0.104896 0.837523  -0.707036 -0.484085 0.515521  0.331657 0.295942  
0.362676 -0.023573 0.758111  -0.136844 -0.624632 0.768836  0.337844 0.354011  
0.492751 -0.051062 0.516601  0 -0.64908 -0.76072  0.380332 0.452236  
0.656102 -0.03639 0.542587  0.17887 -0.637619 -0.749298  0.43369 0.43914  
0.3294 -0.03639 0.542587  -0.17887 -0.637619 -0.749298  0.326974 0.43914  
0.492751 0.077831 0.413208  0 -0.640741 -0.767757  0.380332 0.463936  
0.676216 0.090907 0.436367  0.158048 -0.632688 -0.758108  0.44026 0.452264  
0.309287 0.090907 0.436367  -0.158048 -0.632687 -0.758108  0.320404 0.452264  
0.421399 -0.0215 0.702402  -0.474347 0.396146 -0.78617  0.59596 0.250565  
0.492751 0.009219 0.697487  0 0.481212 -0.876605  0.619267 0.257186  
0.492751 0.032849 0.665209  0 0.743849 0.668348  0.619267 0.247099  
0.435723 0.022001 0.645998  -0.337384 0.696279 0.633535  0.60064 0.233602  
0.362676 -0.000804 0.724654  -0.459062 0.570529 -0.680999  0.576779 0.268644  
0.492751 0.035762 0.715915  -0 0.715544 -0.698567  0.619267 0.274987  
0.549779 0.022001 0.645998  0.337385 0.696279 0.633535  0.637895 0.233602  
0.564103 -0.0215 0.702402  0.474346 0.396146 -0.786171  0.642574 0.250565  
0.343737 0.112412 0.826479  -0.847528 0.340091 -0.407473  0.570593 0.356944  
0.419089 0.046678 0.765711  -0.188896 0.746138 -0.638433  0.595206 0.304799  
0.492751 0.128488 0.83742  -0 0.759817 -0.650137  0.619267 0.367608  
0.622826 -0.000804 0.724654  0.459061 0.570529 -0.680999  0.661756 0.268644  
0.566413 0.046678 0.765711  0.188895 0.746139 -0.638432  0.643329 0.304799  
0.641765 0.112412 0.826479  0.847529 0.34009 -0.407473  0.667942 0.356944  
0.287072 -0.43913 0.402574  0.000001 0.383095 -0.923709  0.922417 0.25337  
0.287072 -0.334656 0.444695  0.000001 0.154181 -0.988043  0.890482 0.280879  
0.326945 -0.347166 0.457626  0.64182 0.192362 -0.742336  0.903759 0.281194  
0.31318 -0.445942 0.409615  0.517247 0.354538 -0.778947  0.929646 0.253541  
0.287072 -0.491823 0.457039  0 -0.718704 -0.695316  0.751075 0.12678  
0.287072 -0.43913 0.402574  0 -0.718704 -0.695316  0.806996 0.128105  
0.31318 -0.445942 0.409615  -0.000001 -0.718704 -0.695317  0.800036 0.116564  
0.36345 -0.464275 0.428565  -0.000001 -0.718704 -0.695316  0.781098 0.094211  
0.378484 -0.482609 0.447515  -0.000001 -0.718704 -0.695316  0.761796 0.087202  
0.401283 -0.4049 0.517302  0.196484 -0.665326 0.720233  0.808676 0.057197  
0.287072 -0.419408 0.532298  0 -0.679754 0.73344  0.778996 0.056494  
0.287072 -0.491823 0.457039  0 -0.707759 0.706454  0.778327 0.084744  
0.378484 -0.482609 0.447515  0.163654 -0.698217 0.696929  0.802082 0.085307  
0.287072 -0.21889 0.461156  0 0.947678 0.319228  0.839327 0.393488  
0.287072 -0.278241 0.647396  -0.27559 -0.29291 0.915562  0.968552 0.39655  
0.390626 -0.269195 0.61912  0.275589 -0.29291 0.915562  0.949983 0.350987  
0.389279 -0.246728 0.554626  -0.007313 0.953063 0.302684  0.904237 0.35049  
0.40686 -0.225785 0.48271  0.097746 0.931451 0.350493  0.855533 0.341675  
0.3825 -0.376033 0.487464  0.834801 0.134288 -0.533923  0.934395 0.28192  
0.36345 -0.464275 0.428565  0.6704 0.28487 -0.685137  0.949103 0.254002  
0.172861 -0.4049 0.517302  -0.975104 0.045215 -0.217087  0.749396 0.200587  
0.191644 -0.376033 0.487464  -0.834802 0.134287 -0.533922  0.780032 0.201313  
0.210694 -0.464275 0.428565  -0.670401 0.284867 -0.685138  0.766663 0.17273  
0.195661 -0.482609 0.447515  -0.872618 0.142254 -0.467227  0.747206 0.172269  
0.183518 -0.269195 0.61912  -0.27559 -0.29291 0.915562  0.947845 0.441182  
0.167284 -0.225785 0.48271  -0.097746 0.931451 0.350493  0.85306 0.44601  
0.184865 -0.246728 0.554626  0.007313 0.953063 0.302684  0.902127 0.439512  
0.195661 -0.482609 0.447515  -0.163654 -0.698217 0.696929  0.754572 0.084181  
0.172861 -0.4049 0.517302  -0.196484 -0.665326 0.720233  0.749316 0.055791  
0.260964 -0.445942 0.409615  0.000001 -0.718704 -0.695316  0.799497 0.139304  
0.195661 -0.482609 0.447515  0.000001 -0.718704 -0.695316  0.75991 0.166821  
0.210694 -0.464275 0.428565  0.000001 -0.718704 -0.695316  0.779522 0.160735  
0.247199 -0.347166 0.457626  -0.641821 0.192362 -0.742336  0.810668 0.202039  
0.287072 -0.334656 0.444695  0.000001 0.154181 -0.988043  0.823944 0.202354  
0.287072 -0.43913 0.402574  0.000001 0.383095 -0.923709  0.793348 0.173363  
0.260964 -0.445942 0.409615  -0.517248 0.354537 -0.778947  0.786119 0.173191  
0.21572 -0.267294 0.46943  -0.474347 -0.866298 -0.1566  0.842618 0.137593  
0.287072 -0.280729 0.441372  -0 -0.977164 -0.212485  0.851342 0.106709  
0.287072 -0.334656 0.444695  0.000001 0.154181 -0.988043  0.82191 0.106012  
0.247199 -0.347166 0.457626  -0.361909 0.165446 -0.917415  0.808222 0.123061  
0.326945 -0.347166 0.457626  0.361911 0.165446 -0.917414  0.809045 0.088332  
0.358424 -0.267294 0.46943  0.474346 -0.866298 -0.156601  0.844091 0.075446  
0.358424 -0.267294 0.46943  0.474346 -0.866298 -0.156601  0.868617 0.29813  
0.404862 -0.276785 0.545009  0.942161 0.010713 -0.334991  0.913276 0.311573  
0.287072 -0.304971 0.638845  0 -0.610172 0.792269  0.977215 0.325271  
0.287072 -0.419408 0.532298  0 -0.679754 0.73344  0.980427 0.28301  
0.401283 -0.4049 0.517302  0.975104 0.045216 -0.217089  0.965031 0.282646  
0.390626 -0.295925 0.610569  0.998328 -0.01587 -0.055574  0.957662 0.321244  
0.287072 -0.419408 0.532298  0 -0.679754 0.73344  0.734 0.200222  
0.287072 -0.304971 0.638845  0 -0.610172 0.792269  0.735206 0.242588  
0.183518 -0.295925 0.610569  -0.96349 0.212131 0.16336  0.754928 0.239491  
0.169282 -0.276785 0.545009  -0.942161 0.010713 -0.334989  0.799722 0.231933  
0.287072 -0.304971 0.638845  0 -0.610172 0.792269  0.977731 0.396767  
0.390626 -0.295925 0.610569  0.226058 -0.601809 0.765979  0.959162 0.351205  
0.40686 -0.225785 0.48271  0.097746 0.931451 0.350493  0.854111 0.308366  
0.389279 -0.246728 0.554626  0.963491 0.21213 0.163357  0.902773 0.318985  
0.436086 -0.177056 0.298672  -0.743363 0.203822 -0.637078  0.901199 0.019981  
0.360734 -0.204033 0.382994  0.13891 0.301763 -0.943209  0.842387 0.029215  
0.360734 -0.187978 0.39823  0.096574 0.801163 -0.590602  0.842402 0.035209  
0.436086 -0.173626 0.309869  -0.669236 0.598099 -0.440909  0.896956 0.022656  
0.183518 -0.295925 0.610569  -0.226058 -0.601809 0.765979  0.957025 0.441399  
0.287072 -0.171131 0.280151  -0.813894 0.177038 -0.553384  0.986593 0.022814  
0.21341 -0.204033 0.382994  -0.138912 0.301759 -0.94321  0.914862 0.034076  
0.21341 -0.187978 0.39823  -0.096576 0.801164 -0.5906  0.914878 0.04007  
0.287072 -0.1677 0.291348  -0.750395 0.532048 -0.392215  0.982349 0.02549  
0.138058 -0.186349 0.305799  -0.847528 -0.487272 -0.210388  0.973638 0.208612  
0.156997 -0.251834 0.443268  -0.459062 -0.814972 -0.353671  0.866821 0.219221  
0.156997 -0.21329 0.455599  -0.136844 0.914557 0.380605  0.879825 0.229353  
0.138058 -0.173626 0.309869  -0.707038 0.631758 0.317774  0.97793 0.211957  
0.138058 -0.177056 0.298672  -0.992453 -0.037367 0.116798  0.982174 0.209281  
0.390626 -0.269195 0.61912  0.963491 0.21213 0.163357  0.948321 0.327836  
0.417147 -0.251834 0.443268  0.459061 -0.814972 -0.353671  0.866504 0.050389  
0.287072 -0.270597 0.410689  0.000001 -0.872995 -0.487728  0.872813 0.107218  
0.287072 -0.180424 0.287277  0.000001 -0.83913 -0.543931  0.98453 0.109865  
0.360734 -0.22595 0.386082  0.188897 -0.824023 -0.534138  0.909531 0.07599  
0.436086 -0.186349 0.305799  0.847528 -0.487271 -0.210388  0.973205 0.044665  
0.417147 -0.21329 0.455599  0.136844 0.914557 0.380605  0.83485 0.336703  
0.436086 -0.173626 0.309869  0.707035 0.63176 0.317774  0.737407 0.326141  
0.360734 -0.187978 0.39823  -0.025026 0.942738 0.332594  0.790855 0.360241  
0.287072 -0.1677 0.291348  0 0.943033 0.332698  0.723006 0.390731  
0.156997 -0.251834 0.443268  -0.459062 -0.814972 -0.353671  0.863819 0.163684  
0.138058 -0.186349 0.305799  -0.847528 -0.487272 -0.210388  0.970129 0.174455  
0.21341 -0.22595 0.386082  -0.188896 -0.824023 -0.534139  0.908011 0.140149  
0.21341 -0.187978 0.39823  0.025027 0.942738 0.332594  0.789334 0.424401  
0.138058 -0.173626 0.309869  -0.707038 0.631758 0.317774  0.734331 0.455931  
0.156997 -0.21329 0.455599  -0.136844 0.914557 0.380605  0.832165 0.449997  
0.183518 -0.269195 0.61912  -0.96349 0.212131 0.16336  0.763947 0.246518  
0.184865 -0.246728 0.554626  -0.908145 -0.337756 -0.247372  0.809863 0.239834  
0.360734 -0.187978 0.39823  0.096574 0.801163 -0.590602  0.803249 0.032666  
0.360734 -0.204033 0.382994  0.13891 0.301763 -0.943209  0.803549 0.026679  
0.287072 -0.171131 0.280151  0.813894 0.17704 -0.553384  0.732432 0.012033  
0.287072 -0.1677 0.291348  0.750394 0.532049 -0.392215  0.736544 0.014906  
0.21341 -0.187978 0.39823  -0.096576 0.801164 -0.5906  0.795703 0.05404  
0.21341 -0.204033 0.382994  -0.138912 0.301759 -0.94321  0.796003 0.048054  
0.138058 -0.177056 0.298672  0.743361 0.203819 -0.637081  0.737693 0.036044  
0.138058 -0.173626 0.309869  0.669235 0.598102 -0.440906  0.741805 0.038918  
0.417147 -0.251834 0.443268  0.459061 -0.814972 -0.353671  0.846855 0.295697  
0.417147 -0.21329 0.455599  0.136844 0.914557 0.380605  0.833385 0.305201  
0.167284 -0.225785 0.48271  -0.097746 0.931451 0.350493  0.858972 0.231532  
0.21572 -0.267294 0.46943  -0.726398 0.047119 -0.685657  0.844968 0.220621  
0.436086 -0.186349 0.305799  -0.669237 -0.231112 -0.706194  0.892663 0.019312  
0.360734 -0.22595 0.386082  0.096592 -0.309568 -0.945959  0.829591 0.025227  
0.360734 -0.22595 0.386082  0.096592 -0.309568 -0.945959  0.816519 0.023302  
0.287072 -0.180424 0.287277  0.750401 -0.205574 -0.628202  0.74099 0.011769  
0.287072 -0.180424 0.287277  -0.7504 -0.205577 -0.628202  0.978057 0.022145  
0.21341 -0.22595 0.386082  -0.096592 -0.309572 -0.945957  0.902066 0.030088  
0.21341 -0.22595 0.386082  -0.096592 -0.309572 -0.945957  0.808973 0.044676  
0.138058 -0.186349 0.305799  0.669232 -0.231115 -0.706197  0.746252 0.03578  
0.436086 -0.186349 0.305799  0.847528 -0.487271 -0.210388  0.74066 0.28004  
0.436086 -0.177056 0.298672  0.992453 -0.037366 0.116799  0.732102 0.280304  
0.436086 -0.173626 0.309869  0.707035 0.63176 0.317774  0.736214 0.283178  
0.378484 -0.482609 0.447515  0.872618 0.142258 -0.467227  0.96856 0.254463  
0.142621 0.126534 1.18322  0.782906 0.075891 0.617494  0.210036 0.240756  
0.276588 0.404962 1.006328  0.827321 0.235834 0.509825  0.242725 0.157493  
0 0.47339 1.058264  0 0.55624 0.831021  0.169428 0.148443  
0 0.177891 1.244454  0 0.466966 0.884275  0.170619 0.237919  
0 0.400379 0.693461  0.001478 0.822328 -0.569012  0.168759 0.022406  
0 0.490246 0.817963  0.000726 0.877463 -0.479644  0.169068 0.070991  
0.196348 0.457391 0.824128  0.335341 0.843976 -0.41863  0.230375 0.067316  
0.211548 0.377081 0.706301  0.288571 0.78728 -0.544901  0.234835 0.022039  
0.313186 0.261325 0.802252  -0.085949 -0.667941 -0.739235  0.072072 0.368146  
0 0.230584 0.862724  -0.000055 -0.668734 -0.743501  0.169896 0.382546  
0 0.400379 0.693461  -0.000151 -0.680849 -0.732424  0.169896 0.323414  
0.211548 0.377081 0.706301  -0.035354 -0.680844 -0.731574  0.103819 0.330241  
0.246092 0.340813 0.755021  -0.035354 -0.680844 -0.731574  0.093029 0.344429  
0.097352 -0.136993 1.272697  0.033212 -0.998628 -0.040472  0.139488 0.525296  
0 -0.142173 1.282172  0 -0.999584 -0.028855  0.169896 0.527145  
0 -0.138429 1.221051  -0 -0.707168 -0.707046  0.169896 0.510267  
0.088501 -0.130888 1.192612  -0.144518 -0.699744 -0.699623  0.142253 0.504269  
0.270703 0.384568 0.834408  0.782883 0.582297 -0.219147  0.286664 0.152288  
0.344507 0.320446 0.909519  0.970635 0.00087 0.240556  0.270024 0.173354  
0.313186 0.261325 0.802252  0.966396 -0.207113 -0.152261  0.310969 0.181044  
0.246092 0.340813 0.755021  0.7494 0.543738 -0.377821  0.316967 0.157979  
-0.313186 0.261325 0.802252  -0.966396 -0.207113 -0.152262  0.027532 0.178373  
-0.344507 0.320446 0.909519  -0.970635 0.00087 0.240556  0.068768 0.172188  
-0.270703 0.384568 0.834408  -0.741125 0.601884 -0.297437  0.053024 0.150529  
-0.246092 0.340813 0.755021  -0.721963 0.553891 -0.414697  0.022505 0.155106  
-0.088501 -0.130888 1.192612  0.144518 -0.699744 -0.699623  0.197539 0.504269  
-0.097352 -0.136993 1.272697  -0.033212 -0.998628 -0.040471  0.200304 0.525297  
-0.246092 0.340813 0.755021  0.035239 -0.680003 -0.732362  0.246763 0.344429  
-0.201684 0.378167 0.705703  0.035239 -0.680003 -0.732362  0.232892 0.329923  
-0.313186 0.261325 0.802252  0.086016 -0.667538 -0.739591  0.26772 0.368146  
-0.196348 0.457391 0.824128  -0.341981 0.841771 -0.417697  0.058838 0.13179  
-0.201684 0.378167 0.705703  -0.282553 0.785207 -0.551012  0.011576 0.142054  
-0.276588 0.404962 1.006328  -0.827322 0.235834 0.509825  0.096511 0.158663  
-0.142621 0.126534 1.18322  -0.782907 0.075891 0.617493  0.128608 0.241859  
-0.213047 0.428322 0.913795  -0.421451 0.680638 0.599258  0.093163 0.143702  
-0.154529 0.5243 0.964801  -0.233115 0.906551 -0.351883  0.11866 0.121816  
0.154529 0.5243 0.964801  0.233115 0.906552 -0.351883  0.220448 0.121176  
0 0.560591 0.984146  0 0.921125 -0.389267  0.169238 0.123936  
0.213047 0.428322 0.913795  0.790656 0.61017 0.050562  0.246113 0.14325  
0 -0.135383 1.372234  0 -0.999888 0.014945  0.169896 0.553333  
0.067809 -0.141473 1.334724  -0.001261 -0.999888 0.014945  0.148716 0.541924  
-0.067809 -0.141473 1.334724  0.001261 -0.999888 0.014946  0.191076 0.541924  
-0.13868 0.063696 1.218583  -0.776843 0.01979 0.629383  0.131022 0.260222  
0 0.097833 1.280774  -0 0.326739 0.945115  0.170919 0.260411  
0.13868 0.063696 1.218583  0.776844 0.01979 0.629382  0.207488 0.259065  
0.194097 0.03017 1.139992  0.83493 -0.472792 0.281709  0.229626 0.261435  
0.232064 0.077568 1.094378  0.901726 -0.206801 0.379635  0.238767 0.246522  
0.210965 0.028603 1.005537  0.87491 -0.484284 -0.000472  0.272679 0.252891  
0.15613 -0.017228 1.185605  0.882586 -0.409349 0.231246  0.220485 0.276348  
0.12524 -0.031294 1.10327  0.764891 -0.643289 -0.033492  0.248344 0.274402  
0 0.060789 1.031988  -0 -0.676764 -0.7362  0.169896 0.441679  
0.210965 0.028603 1.005537  -0.128988 -0.665277 -0.73537  0.104001 0.445636  
0.12524 -0.031294 1.10327  -0.144518 -0.699744 -0.699623  0.130777 0.471206  
-0.12524 -0.031294 1.10327  0.144518 -0.699744 -0.699623  0.209015 0.471206  
-0.210965 0.028603 1.005537  0.128988 -0.665277 -0.73537  0.235791 0.445636  
-0.12524 -0.031294 1.10327  -0.764891 -0.643289 -0.033492  0.086198 0.273952  
-0.15613 -0.017228 1.185605  -0.882586 -0.409349 0.231246  0.113953 0.276918  
-0.194097 0.03017 1.139992  -0.83493 -0.472792 0.281709  0.105444 0.261681  
-0.232064 0.077568 1.094378  -0.901726 -0.206801 0.379635  0.096935 0.246445  
-0.210965 0.028603 1.005537  -0.87491 -0.484285 -0.000472  0.062782 0.251567  
-0.094677 -0.009771 1.251439  -0.801721 0.059448 0.594735  0.138648 0.280764  
0 0.006115 1.302842  -0 0.334417 0.942425  0.168519 0.28079  
0.094677 -0.009771 1.251439  0.801721 0.059448 0.594735  0.199703 0.279736  
-0.067809 -0.141473 1.334724  -0.81076 0.113015 0.574366  0.145592 0.319164  
0 -0.135383 1.372234  0 0.446066 0.895  0.166321 0.319482  
0.067809 -0.141473 1.334724  0.81076 0.113015 0.574366  0.1871 0.317404  
0.097352 -0.136993 1.272697  0.920642 -0.092711 0.379239  0.206369 0.312158  
0.088501 -0.130888 1.192612  0.840323 -0.511132 -0.180556  0.23121 0.305305  
-0.088501 -0.130888 1.192612  -0.840323 -0.511132 -0.180556  0.102024 0.305459  
-0.097352 -0.136993 1.272697  -0.920642 -0.092711 0.379239  0.126558 0.313217  
-0.196348 0.457391 0.824128  -0.341981 0.841771 -0.417697  0.107718 0.067997  
-0.201684 0.378167 0.705703  -0.282553 0.785207 -0.551012  0.105764 0.022756  
0.196348 0.457391 0.824128  0.335341 0.843976 -0.41863  0.281639 0.13335  
0.211548 0.377081 0.706301  0.288571 0.78728 -0.544901  0.328368 0.14565  
-0.673508 -0.275611 0.34727  -0 0.955741 0.29421  0.725653 0.969966  
0.673508 -0.275611 0.34727  -0 0.955741 0.29421  0.725109 0.846018  
0.791756 -0.239829 0.196295  0 0.993279 0.115741  0.714027 0.835928  
-0.791756 -0.239829 0.196295  0 0.993279 0.115741  0.714659 0.980154  
0.890153 -0.093387 0.366379  -0.81118 0.451753 -0.371356  0.626237 0.828301  
0.873226 -0.054144 0.103266  0 -0.879705 -0.47552  0.643803 0.83125  
0.924576 -0.054144 0.103266  0 -0.879705 -0.47552  0.641356 0.824149  
0.940847 -0.093387 0.366379  0.004626 -0.999987 -0.002248  0.622113 0.822751  
0 0.528547 0.8475  0 -0.578563 0.815638  0.589655 0.726047  
0 0.299677 0.877051  -0 -0.824656 0.565635  0.565964 0.726047  
0.138971 0.533739 0.874593  -0.304769 -0.523435 0.795696  0.590192 0.736898  
0.264338 0.469628 0.914355  -0.539279 -0.380728 0.751148  0.583556 0.746686  
0.363831 0.344089 0.942371  -0.204143 -0.196363 0.959045  0.570561 0.754455  
0.427708 0.286916 0.928008  -0.141579 -0.513793 0.846151  0.564643 0.759442  
0.450761 0.209979 0.882771  -0 -0.824656 0.565635  0.556679 0.761242  
0.495733 0.200013 0.883407  -0.436369 -0.657063 0.614695  0.555648 0.764753  
0.274672 0.770748 0.615009  0.134984 0.76708 0.62719  0.614726 0.747493  
0 0.757012 0.605968  0 0.789464 0.613797  0.613304 0.726047  
0 0.543329 0.857962  0 -0.578563 0.815638  0.591185 0.726047  
0.140752 0.548076 0.885086  -0.319124 -0.51829 0.793433  0.591676 0.737037  
0.526078 0.64093 0.647094  0.363543 0.663967 0.65344  0.601288 0.767123  
0.271416 0.482019 0.925412  -0.540066 -0.379842 0.751032  0.584839 0.747239  
0.725324 0.479902 0.669496  0.545437 0.496519 0.675253  0.58462 0.78268  
0.373751 0.353622 0.954279  -0.539417 -0.415897 0.73216  0.571548 0.755229  
0.854359 0.309787 0.657848  0.711928 0.063411 0.699383  0.567011 0.792754  
0.439651 0.290751 0.940585  -0.418727 -0.623928 0.659834  0.56504 0.760375  
0.450761 0.209979 0.882771  -0.586337 0.287209 -0.757443  0.590466 0.857411  
0.679477 -0.021933 0.617784  -0.647537 0.310806 -0.69577  0.6091 0.839645  
0.721922 -0.021381 0.615236  -0.015186 -0.916042 0.400795  0.604007 0.842771  
0.495733 0.200013 0.883407  -0.071648 -0.789234 0.609899  0.584491 0.863458  
0.771301 0.059322 0.607612  0.672865 -0.285736 0.682354  0.541084 0.786269  
0.986596 0.005938 0.363908  0.927301 -0.274896 0.254056  0.69946 0.759026  
1.065658 0.299429 0.369876  0.960928 0.076377 0.266051  0.698778 0.720681  
0.854359 0.309787 0.657848  0.711928 0.063411 0.699383  0.66589 0.719328  
0.771301 0.059322 0.607612  0.647702 -0.309929 0.696007  0.671627 0.752051  
0.904629 0.640623 0.372158  0.741275 0.594694 0.311208  0.698518 0.676104  
0.725324 0.479902 0.669496  0.545437 0.496519 0.675253  0.664559 0.697102  
0.904629 0.640623 0.372158  0.741275 0.594694 0.311208  0.601256 0.796679  
0.655244 0.811032 0.37397  0.453458 0.811753 0.368012  0.618895 0.777208  
0.34368 0.93331 0.375223  0.219318 0.893343 0.392222  0.631553 0.752881  
0 0.949568 0.376099  -0 0.909951 0.414716  0.633236 0.726047  
1.008299 0.381713 -0.355137  0.959902 0.24795 -0.130804  0.809031 0.751911  
0.857711 0.669411 -0.499427  0.748434 0.593699 -0.295581  0.819288 0.728515  
0.870586 0.678681 -0.003909  0.762245 0.646754 -0.026289  0.784063 0.727761  
1.023435 0.351996 -0.003909  0.979635 0.196187 -0.042742  0.784063 0.754328  
0.623163 0.840254 -0.58511  0.50491 0.766221 -0.397457  0.855008 0.712839  
0.632518 0.85664 -0.003909  0.49309 0.869276 -0.03496  0.784066 0.71329  
0.327616 0.965533 -0.647942  0.282806 0.846555 -0.45096  0.831201 0.688717  
0.332534 0.992949 -0.003909  0.278803 0.959424 -0.042117  0.785458 0.686759  
0 1.016044 -0.673275  -0 0.880466 -0.47411  0.834515 0.659836  
0 1.048753 -0.003909  0 0.998926 -0.046338  0.786996 0.65735  
0.954675 0.011081 -0.169253  0.986369 -0.162687 -0.024678  0.795817 0.782052  
0.97059 0.003789 -0.003909  0.983899 -0.164061 -0.070896  0.784063 0.782645  
0.995824 0.112955 -0.708944  0.957098 0.095842 -0.273454  0.834182 0.773767  
0.847098 0.189688 -1.017415  0.765351 0.2277 -0.601989  0.856111 0.767527  
0.615453 0.238446 -1.213421  0.533727 0.300735 -0.790376  0.870038 0.763632  
0.323563 0.273043 -1.352501  0.295376 0.337896 -0.893632  0.896034 0.763666  
0.327616 0.965533 -0.647942  0.282806 0.846555 -0.45096  0.901696 0.707636  
0 0.286516 -1.406659  -0 0.351772 -0.936086  0.924642 0.765639  
0 1.016044 -0.673275  -0 0.880466 -0.47411  0.930982 0.706653  
0.941558 -0.000714 -0.251999  0.989387 -0.120369 0.081396  0.801699 0.783011  
0.979171 -0.315503 -0.662388  0.951469 -0.217827 -0.217389  0.830873 0.80861  
0.832933 -0.464764 -0.937001  0.773197 -0.377904 -0.509269  0.850395 0.820748  
0.605161 -0.568137 -1.127189  0.549874 -0.473938 -0.687766  0.863353 0.829399  
0.318152 -0.638598 -1.256823  0.299944 -0.53002 -0.793166  0.888587 0.837429  
0 -0.664804 -1.305038  0 -0.552032 -0.833823  0.916374 0.842559  
0.924048 -0.110857 -0.285878  0.991155 0.001842 0.132699  0.804108 0.791968  
0.964492 -0.454727 -0.28572  0.932546 -0.354909 0.066316  0.804097 0.819932  
0.820446 -0.711672 -0.368875  0.72836 -0.684872 0.021047  0.810008 0.840827  
0.596089 -0.902989 -0.430791  0.510733 -0.859699 -0.008374  0.814977 0.856072  
0.313383 -1.029238 -0.471648  0.26695 -0.963254 -0.029651  0.822694 0.876218  
0.318152 -0.638598 -1.256823  0.299944 -0.53002 -0.793166  0.8835 0.875092  
0 -1.074349 -0.486247  0 -0.99932 -0.036882  0.824156 0.906442  
0 -0.664804 -1.305038  0 -0.552032 -0.833823  0.88757 0.905747  
0.908614 -0.207115 -0.205587  0.980978 0.129928 0.144222  0.7984 0.799796  
0.904551 -0.386661 -0.03962  0.91304 0.316513 0.257249  0.786602 0.814397  
0.789906 -0.451968 0.135515  0.697863 -0.34242 0.629076  0.774152 0.819708  
0.573901 -0.585385 0.289153  0.401062 -0.552575 0.730623  0.758423 0.85585  
0.301717 -0.671046 0.387795  0.134657 -0.593022 0.793846  0.757577 0.878935  
0 -0.700561 0.421784  -0 -0.598473 0.801143  0.757741 0.907522  
0.870864 -0.217868 -0.115209  0.909881 0.306698 0.279379  0.791975 0.80067  
0.791756 -0.239829 0.196295  0.915677 0.326228 0.234757  0.769831 0.802456  
0.673508 -0.275611 0.34727  0.697863 -0.34242 0.629076  0.759099 0.805366  
0.489332 -0.364893 0.516353  0.697863 -0.34242 0.629076  0.747079 0.812627  
0.489332 -0.364893 0.516353  -0 0.868741 0.495266  0.732802 0.862474  
0.257257 -0.454339 0.56208  -0 0.455198 0.89039  0.740531 0.884013  
0 -0.485159 0.577836  0 0.45518 0.8904  0.743267 0.907914  
0.832501 -0.227746 0.020575  0.914021 0.319918 0.249434  0.782323 0.801474  
0.935902 0.005938 0.363908  0 -0.998224 0.059574  0.626528 0.83636  
0.919241 0.003789 -0.003909  0 -0.999942 -0.010819  0.649222 0.831071  
0.97059 0.003789 -0.003909  0 -0.999029 -0.044063  0.649173 0.819924  
0.97059 0.003789 -0.003909  0.969706 -0.236998 -0.059184  0.741468 0.759307  
0.940847 -0.093387 0.366379  0.806078 -0.447458 0.387323  0.699178 0.772003  
0.924576 -0.054144 0.103266  0.837762 -0.540907 -0.07466  0.729227 0.766876  
0.728856 0.05877 0.610161  -0 -0.95227 0.305258  0.612805 0.845373  
0.495733 0.200013 0.883407  0.596678 -0.294574 0.746459  0.640129 0.73367  
0.721922 -0.021381 0.615236  0.642791 -0.308478 0.701186  0.670756 0.762595  
0.954675 0.011081 -0.169253  0 -0.999794 0.020305  0.661268 0.82132  
1.045532 0.358876 -0.003856  0.709128 0.17277 -0.683585  0.741461 0.712915  
1.050922 0.359564 0.001785  0.988308 0.152328 -0.006524  0.740817 0.712825  
0.887676 0.692875 -0.001946  0.591816 0.484101 -0.644516  0.741243 0.669277  
0.892137 0.695592 0.004107  0.769908 0.633366 0.078033  0.740552 0.668922  
0.892137 0.695592 0.004107  0.602149 0.466874 -0.647646  0.757949 0.735422  
0.887676 0.692875 -0.001946  0.056758 0.061061 -0.996519  0.758021 0.735122  
0.643739 0.87664 0.000037  0.081776 0.155919 -0.984379  0.75311 0.718711  
0.646484 0.880254 0.0065  0.412358 0.710658 -0.570023  0.753013 0.718896  
0.33821 1.01467 0.002032  0.064694 0.239503 -0.968738  0.749421 0.698157  
0.339585 1.018435 0.00885  0.245457 0.828004 -0.504143  0.74932 0.698249  
0 1.070895 0.003157  0 0.278941 -0.960308  0.747918 0.675404  
0 1.07435 0.0103  0 0.882398 -0.470503  0.747826 0.675404  
0.646484 0.880254 0.0065  0.472133 0.86753 0.156466  0.740279 0.644796  
0.655244 0.811032 0.37397  0.453458 0.811753 0.368012  0.698311 0.65384  
0.646484 0.880254 0.0065  0.472133 0.86753 0.156466  0.738222 0.642021  
0.339585 1.018435 0.00885  0.235507 0.943208 0.234297  0.737987 0.603644  
0.34368 0.93331 0.375223  0.219318 0.893343 0.392222  0.701211 0.604156  
0.655244 0.811032 0.37397  0.453458 0.811753 0.368012  0.701337 0.643116  
0 1.07435 0.0103  -0 0.961427 0.275059  0.737841 0.561179  
0 0.949568 0.376099  -0 0.909951 0.414716  0.701123 0.561179  
1.023435 0.351996 -0.003909  0.026789 0.013935 -0.999544  0.767132 0.744256  
0.870586 0.678681 -0.003909  0.056518 0.060502 -0.996567  0.758401 0.733973  
1.045532 0.358876 -0.003856  0.030435 0.016085 -0.999407  0.766948 0.745742  
0.632518 0.85664 -0.003909  0.081639 0.154581 -0.984601  0.753645 0.717956  
0.332534 0.992949 -0.003909  0.065721 0.237449 -0.969174  0.750001 0.697775  
0 1.048753 -0.003909  0 0.278941 -0.960308  0.74851 0.675404  
0.97059 0.003789 -0.003909  0.002512 -0.000382 -0.999997  0.776438 0.7407  
-0.890153 -0.093387 0.366379  0.81118 0.451753 -0.371356  0.625167 0.988512  
-0.940847 -0.093387 0.366379  -0.004626 -0.999987 -0.002248  0.622865 0.994136  
-0.924576 -0.054144 0.103266  0 -0.879705 -0.47552  0.642095 0.99257  
-0.873226 -0.054144 0.103266  0 -0.879705 -0.47552  0.642802 0.985767  
-0.138971 0.533739 0.874593  0.30477 -0.523435 0.795695  0.590192 0.715196  
-0.264338 0.469628 0.914355  0.539281 -0.380727 0.751148  0.583556 0.705408  
-0.363831 0.344089 0.942371  0.204143 -0.196363 0.959045  0.570561 0.69764  
-0.427708 0.286916 0.928008  0.141579 -0.513793 0.846151  0.564643 0.692652  
-0.495733 0.200013 0.883407  0.436375 -0.657059 0.614695  0.555648 0.687341  
-0.450761 0.209979 0.882771  -0 -0.824656 0.565635  0.556679 0.690852  
-0.274672 0.770748 0.615009  -0.134984 0.76708 0.62719  0.614726 0.704601  
-0.140752 0.548076 0.885086  0.319124 -0.51829 0.793432  0.591676 0.715057  
-0.526078 0.64093 0.647094  -0.363543 0.663967 0.65344  0.601288 0.684972  
-0.271416 0.482019 0.925412  0.540067 -0.379842 0.751031  0.584839 0.704855  
-0.725324 0.479902 0.669496  -0.545437 0.496519 0.675253  0.58462 0.669415  
-0.373751 0.353622 0.954279  0.539419 -0.415896 0.73216  0.571548 0.696865  
-0.854359 0.309787 0.657848  -0.711928 0.063411 0.699383  0.567011 0.65934  
-0.439651 0.290751 0.940585  0.41873 -0.623926 0.659834  0.56504 0.69172  
-0.450761 0.209979 0.882771  0.586338 0.287208 -0.757442  0.589557 0.95896  
-0.495733 0.200013 0.883407  0.071648 -0.789234 0.609899  0.584887 0.953761  
-0.721922 -0.021381 0.615236  0.015186 -0.916042 0.400795  0.604583 0.974276  
-0.679477 -0.021933 0.617784  0.647537 0.310806 -0.69577  0.608013 0.976962  
-0.771301 0.059322 0.607612  -0.672865 -0.285737 0.682354  0.541084 0.665825  
-0.986596 0.005938 0.363908  -0.927301 -0.274896 0.254056  0.615539 0.612123  
-0.771301 0.059322 0.607612  -0.647702 -0.309929 0.696008  0.640002 0.605992  
-0.854359 0.309787 0.657848  -0.711928 0.063411 0.699383  0.645044 0.577232  
-1.065658 0.299429 0.369876  -0.960928 0.076377 0.266051  0.616138 0.578422  
-0.725324 0.479902 0.669496  -0.545437 0.496519 0.675253  0.646214 0.557698  
-0.904629 0.640623 0.372158  -0.741275 0.594694 0.311208  0.616368 0.539243  
-0.904629 0.640623 0.372158  -0.741275 0.594694 0.311208  0.601256 0.655415  
-0.655244 0.811032 0.37397  -0.453458 0.811753 0.368012  0.618895 0.674887  
-0.34368 0.93331 0.375223  -0.219318 0.893343 0.392222  0.631553 0.699213  
-1.008299 0.381713 -0.355137  -0.959902 0.24795 -0.130804  0.818778 0.565605  
-1.023435 0.351996 -0.003909  -0.979635 0.196187 -0.042742  0.794199 0.560596  
-0.870586 0.678681 -0.003909  -0.762245 0.646754 -0.026289  0.791427 0.587018  
-0.85771 0.669411 -0.499427  -0.748434 0.593699 -0.295581  0.826538 0.589944  
-0.632518 0.85664 -0.003909  -0.49309 0.869276 -0.03496  0.78992 0.601411  
-0.623163 0.840254 -0.58511  -0.50491 0.766221 -0.397457  0.831143 0.604397  
-0.332534 0.992949 -0.003909  -0.278803 0.959424 -0.042117  0.788535 0.627941  
-0.327616 0.965533 -0.647942  -0.282806 0.846555 -0.45096  0.834233 0.630768  
-0.954675 0.011081 -0.169253  -0.986369 -0.162687 -0.024678  0.808781 0.53425  
-0.97059 0.003789 -0.003909  -0.983899 -0.164061 -0.070896  0.797153 0.532434  
-0.995824 0.112955 -0.708944  -0.957098 0.095842 -0.273454  0.846073 0.546493  
-0.847098 0.189688 -1.017415  -0.765351 0.2277 -0.601989  0.86723 0.554987  
-0.615453 0.238446 -1.213421  -0.533727 0.300735 -0.790376  0.880674 0.560384  
-0.615453 0.238446 -1.213421  -0.533727 0.300735 -0.790376  0.978417 0.775351  
-0.623163 0.840254 -0.58511  -0.50491 0.766221 -0.397457  0.984326 0.726764  
-0.327616 0.965533 -0.647942  -0.282806 0.846555 -0.45096  0.959391 0.713838  
-0.323563 0.273043 -1.352501  -0.295376 0.337896 -0.893632  0.953016 0.769791  
-0.941558 -0.000714 -0.251999  -0.989387 -0.120369 0.081396  0.814731 0.53391  
-0.979171 -0.315503 -0.662388  -0.951469 -0.217827 -0.217389  0.846417 0.511495  
-0.832933 -0.464764 -0.937001  -0.773197 -0.377904 -0.509269  0.867099 0.50146  
-0.605161 -0.568137 -1.127189  -0.549874 -0.473937 -0.687766  0.881422 0.49451  
-0.605161 -0.568137 -1.127189  -0.549874 -0.473937 -0.687766  0.9705 0.840471  
-0.318152 -0.638598 -1.256823  -0.299944 -0.53002 -0.793166  0.944616 0.843452  
-0.924048 -0.110857 -0.285878  -0.991155 0.001842 0.132699  0.818061 0.525253  
-0.964492 -0.454727 -0.28572  -0.931459 -0.357615 0.067057  0.820968 0.49744  
-0.820446 -0.711672 -0.368875  -0.728707 -0.684493 0.021336  0.829027 0.477276  
-0.596089 -0.902989 -0.430791  -0.510733 -0.859699 -0.008374  0.835028 0.462262  
-0.596089 -0.902989 -0.430791  -0.510733 -0.859699 -0.008374  0.820491 0.964002  
-0.605161 -0.568137 -1.127189  -0.549874 -0.473937 -0.687766  0.874435 0.964287  
-0.318152 -0.638598 -1.256823  -0.299944 -0.53002 -0.793166  0.884172 0.936485  
-0.313382 -1.029238 -0.471648  -0.266951 -0.963254 -0.029651  0.823356 0.936691  
-0.908614 -0.207115 -0.205587  -0.981315 0.130876 0.141044  0.813201 0.516872  
-0.912077 -0.383241 -0.05808  -0.906742 0.333482 0.258088  0.804267 0.501534  
-0.789906 -0.451968 0.135515  -0.697863 -0.34242 0.629076  0.791164 0.494539  
-0.5739 -0.585385 0.289153  -0.697863 -0.34242 0.629076  0.781433 0.482609  
-0.5739 -0.585385 0.289153  -0.401063 -0.552575 0.730623  0.758382 0.961847  
-0.301717 -0.671046 0.387795  -0.134657 -0.593022 0.793846  0.758019 0.936092  
-0.870864 -0.217868 -0.115209  -0.904736 0.321862 0.279029  0.806903 0.515332  
-0.673508 -0.275611 0.34727  -0.697863 -0.34242 0.629076  0.774696 0.507232  
-0.791756 -0.239829 0.196295  -0.908367 0.346276 0.23444  0.785066 0.511245  
-0.489332 -0.364893 0.516352  -0.697863 -0.34242 0.629076  0.763499 0.498756  
-0.257257 -0.454339 0.56208  -0 0.455198 0.89039  0.740741 0.931838  
-0.489332 -0.364893 0.516352  -0 0.868742 0.495266  0.733201 0.953444  
-0.832501 -0.227746 0.020575  -0.907533 0.339101 0.24778  0.797387 0.513526  
-0.935902 0.005938 0.363908  0 -0.998224 0.059574  0.62716 0.980489  
-0.91924 0.003789 -0.003909  0 -0.999942 -0.010819  0.6499 0.985578  
-0.97059 0.003789 -0.003909  0 -0.999029 -0.044063  0.649949 0.996726  
-0.97059 0.003789 -0.003909  -0.969706 -0.236998 -0.059184  0.578619 0.612369  
-0.924576 -0.054144 0.103266  -0.837762 -0.540907 -0.07466  0.589377 0.619022  
-0.940847 -0.093387 0.366379  -0.806078 -0.447458 0.387323  0.615787 0.623528  
-0.728856 0.05877 0.610161  -0 -0.95227 0.305258  0.611796 0.971201  
-0.721922 -0.021381 0.615236  -0.642791 -0.308478 0.701186  0.640767 0.61526  
-0.495733 0.200013 0.883407  -0.596678 -0.294574 0.746459  0.667685 0.589837  
-0.954675 0.011081 -0.169253  0 -0.999794 0.020305  0.662031 0.995224  
-1.045532 0.358876 -0.003856  -0.709128 0.17277 -0.683585  0.578624 0.571595  
-1.050922 0.359564 0.001785  -0.988308 0.152328 -0.006524  0.579191 0.571516  
-0.892137 0.695592 0.004107  -0.769908 0.633366 0.078033  0.579424 0.532931  
-0.887676 0.692875 -0.001946  -0.591816 0.484101 -0.644516  0.578816 0.533243  
-0.892137 0.695592 0.004107  -0.60215 0.466874 -0.647646  0.757949 0.615384  
-0.646484 0.880254 0.0065  -0.412358 0.710657 -0.570024  0.753013 0.631911  
-0.643738 0.87664 0.000037  -0.081776 0.155919 -0.984379  0.75311 0.632096  
-0.887676 0.692875 -0.001946  -0.056757 0.061061 -0.996519  0.758021 0.615685  
-0.339585 1.018435 0.00885  -0.245456 0.828002 -0.504147  0.74932 0.652558  
-0.33821 1.01467 0.002032  -0.064694 0.239503 -0.968738  0.749421 0.65265  
-0.655244 0.811032 0.37397  -0.453458 0.811753 0.368012  0.616549 0.519675  
-0.646484 0.880254 0.0065  -0.472133 0.86753 0.156466  0.579664 0.511727  
-0.646484 0.880254 0.0065  -0.472133 0.86753 0.156466  0.738222 0.480337  
-0.655244 0.811032 0.37397  -0.453458 0.811753 0.368012  0.701337 0.479241  
-0.34368 0.93331 0.375223  -0.219318 0.893343 0.392222  0.701211 0.518202  
-0.339585 1.018435 0.00885  -0.235507 0.943208 0.234297  0.737987 0.518714  
-1.023435 0.351996 -0.003909  -0.026788 0.013935 -0.999544  0.767132 0.606551  
-1.045532 0.358876 -0.003856  -0.030434 0.016085 -0.999407  0.766948 0.605065  
-0.870586 0.678681 -0.003909  -0.056517 0.060502 -0.996567  0.758401 0.616834  
-0.632518 0.85664 -0.003909  -0.081639 0.154581 -0.984601  0.753645 0.63285  
-0.332534 0.992949 -0.003909  -0.065721 0.237449 -0.969174  0.750001 0.653032  
-0.97059 0.003789 -0.003909  -0.002512 -0.000382 -0.999997  0.776438 0.610106  
0.908614 -0.207115 -0.205587  0 0.806723 0.590929  0.684598 0.825413  
-0.908614 -0.207115 -0.205587  0 0.806723 0.590929  0.685324 0.990926  
-0.870864 -0.217868 -0.115209  0 0.99538 0.096017  0.691917 0.987459  
0.870864 -0.217868 -0.115209  0 0.99538 0.096017  0.691221 0.828822  
-0.832501 -0.227746 0.020575  0 0.997644 0.068603  0.701829 0.983921  
0.832501 -0.227746 0.020575  0 0.997644 0.068603  0.701163 0.832273  
-0.924048 -0.110857 -0.285878  0 0.168734 0.985662  0.67728 0.992367  
0.924048 -0.110857 -0.285878  0 0.168734 0.985662  0.676541 0.824043  
0.941558 -0.000714 -0.251999  0 -0.737346 0.675515  0.667322 0.822488  
-0.941558 -0.000714 -0.251999  0 -0.737346 0.675515  0.668075 0.994002  
-0.728856 0.05877 0.610161  -0 -0.95227 0.305258  0.541027 0.669139  
0.728856 0.05877 0.610161  -0 -0.95227 0.305258  0.541027 0.782955  
0.369063 0.628606 1.071003  -0.225551 -0.180592 0.957347  0.450749 0.779669  
0.367979 0.62721 1.070547  -0.224338 -0.181539 0.957453  0.450021 0.779669  
0.379327 0.59536 1.069696  -0.267123 -0.174106 0.947804  0.4429 0.809923  
0.380977 0.595785 1.070327  -0.270288 -0.168255 0.947963  0.443484 0.81104  
0.381868 0.63844 1.01044  0.668052 0.711713 0.217188  0.422166 0.631734  
0.369063 0.628606 1.071003  0.669754 0.710118 0.217171  0.422166 0.672811  
0.380977 0.595785 1.070327  0.985493 0.068154 0.155433  0.441077 0.674163  
0.389399 0.597036 1.003173  0.987503 0.043407 0.151503  0.442055 0.630382  
0.217824 0.427187 0.941452  0.202548 0.155175 -0.9669  0.090752 0.666488  
0.381868 0.63844 1.01044  0.202685 0.155078 -0.966887  0.090752 0.55619  
0.389399 0.597036 1.003173  0.201107 0.156189 -0.967037  0.074607 0.567773  
0.387149 0.543626 0.99673  0.201107 0.156189 -0.967037  0.058492 0.585261  
0.354698 0.458725 0.975512  0.201107 0.156189 -0.967037  0.044832 0.621001  
0.284059 0.384867 0.948584  0.201107 0.156189 -0.967037  0.050261 0.662994  
0.205019 0.417352 1.002014  -0.593889 -0.764799 -0.249758  0.283075 0.949001  
0.217824 0.427187 0.941452  -0.593889 -0.764799 -0.249758  0.135645 0.949001  
0.284059 0.384867 0.948584  -0.503934 -0.829374 -0.241225  0.135645 0.998882  
0.271254 0.375033 1.009147  -0.503934 -0.829374 -0.241225  0.283075 0.998882  
0.271254 0.375033 1.009147  0.709624 -0.701741 0.063194  0.456909 0.694658  
0.284059 0.384867 0.948584  0.709624 -0.701741 0.063194  0.456909 0.842087  
0.354698 0.458725 0.975512  0.914504 -0.384153 0.126921  0.482224 0.842087  
0.341893 0.44889 1.036075  0.914504 -0.384153 0.126921  0.482224 0.694658  
0.327743 0.438404 1.031381  0.709624 -0.701741 0.063194  0.477988 0.694658  
0.324291 0.435081 1.030111  0.709624 -0.701741 0.063194  0.476807 0.694658  
0.161983 0.482893 0.938691  -0.83341 0.545668 -0.0876  0.004567 0.693451  
0.149178 0.473059 0.999254  -0.83341 0.545668 -0.0876  0.004567 0.840881  
0.20345 0.560059 1.024856  -0.578582 0.815562 0.010103  0.029882 0.840881  
0.216255 0.569893 0.964293  -0.578582 0.815562 0.010103  0.029882 0.693451  
0.161983 0.482893 0.938691  -0.676518 -0.690791 -0.25521  0.135645 0.89912  
0.149178 0.473059 0.999254  -0.676518 -0.690791 -0.25521  0.283075 0.89912  
0.216255 0.569893 0.964293  0.203964 0.154177 -0.966762  0.136673 0.621001  
0.296942 0.626802 0.991164  0.203964 0.154177 -0.966762  0.121742 0.581806  
0.34954 0.642469 1.002124  0.203964 0.154177 -0.966762  0.105309 0.563455  
0.161983 0.482893 0.938691  0.203964 0.154177 -0.966762  0.131244 0.662994  
0.284362 0.617141 1.050662  -0.482663 0.874892 0.040018  0.053509 0.839585  
0.296942 0.626802 0.991164  -0.482662 0.874892 0.040018  0.053509 0.694747  
0.335892 0.631987 1.066673  -0.203171 -0.224073 0.953159  0.443484 0.749922  
0.336055 0.630279 1.066217  -0.205415 -0.223491 0.952815  0.442955 0.751152  
0.34954 0.642469 1.002124  -0.162521 0.978809 0.124582  0.404233 0.630382  
0.335892 0.631987 1.066673  -0.162521 0.978809 0.124582  0.404233 0.674163  
0.37813 0.541846 1.058261  0.957421 -0.257343 0.130842  0.460618 0.67245  
0.387149 0.543626 0.99673  0.950301 -0.282775 0.130253  0.461907 0.632095  
0.387149 0.543626 0.99673  0.950301 -0.282775 0.130253  0.503769 0.840791  
0.37813 0.541846 1.058261  0.957421 -0.257343 0.130842  0.505852 0.695953  
0.296942 0.626802 0.991164  -0.482662 0.874892 0.040018  0.38399 0.632095  
0.284362 0.617141 1.050662  -0.482663 0.874892 0.040018  0.38399 0.67245  
0.149178 0.473059 0.999254  -0.204278 -0.156898 0.966257  0.343946 0.696926  
0.15372 0.473243 1.000244  -0.204278 -0.156898 0.966257  0.345178 0.700598  
0.206225 0.557831 1.025081  -0.205285 -0.151462 0.966911  0.385938 0.689593  
0.20345 0.560059 1.024856  -0.205162 -0.152131 0.966832  0.385938 0.685832  
0.341893 0.44889 1.036075  -0.191464 -0.157374 0.968801  0.385938 0.873507  
0.340035 0.450383 1.035925  -0.191363 -0.157377 0.96882  0.385938 0.870988  
0.327598 0.438578 1.031378  -0.204331 -0.15691 0.966244  0.378931 0.868257  
0.327743 0.438404 1.031381  -0.204331 -0.15691 0.966244  0.378912 0.868491  
0.286508 0.615398 1.05089  -0.215453 -0.172153 0.96122  0.425132 0.719268  
0.284362 0.617141 1.050662  -0.210193 -0.156591 0.965038  0.425133 0.716343  
0.37813 0.541846 1.058261  -0.20222 -0.164731 0.965386  0.425133 0.843455  
0.376219 0.543361 1.05816  -0.217286 -0.173883 0.960495  0.425132 0.840881  
0.23482 0.553539 1.000965  0.474682 -0.652275 0.590943  0.1531 0.779092  
0.195875 0.49081 0.982545  0.096986 0.535147 0.839173  0.157899 0.794098  
0.248051 0.469485 0.990113  -0.025905 0.2118 0.976969  0.211827 0.787935  
0.287261 0.517853 0.985546  -0.159631 -0.099639 0.982136  0.211279 0.756132  
0.286982 0.600546 1.019255  0.398328 -0.794309 0.458703  0.15944 0.74021  
0.330142 0.572855 1.001394  -0.238674 -0.201478 0.949969  0.211017 0.737674  
0.317463 0.615862 1.02996  -0.246907 -0.808961 0.533497  0.163512 0.707327  
0.345899 0.593439 1.010917  -0.372027 -0.378434 0.847575  0.211175 0.746865  
0.352536 0.604041 1.034058  -0.781126 -0.381449 0.494306  0.209492 0.691423  
0.372121 0.571846 1.034369  -0.96855 0.061929 0.240987  0.256537 0.704955  
0.364685 0.538151 1.025551  -0.901526 0.246852 0.355408  0.262161 0.737741  
0.332191 0.475351 1.008856  -0.851338 0.317576 0.417576  0.270658 0.776363  
0.322165 0.465827 1.005189  -0.27791 0.35518 0.892532  0.269561 0.779214  
0.285241 0.46368 0.997034  -0.191553 0.382376 0.903934  0.246634 0.78715  
0.206225 0.557831 1.025081  0.485376 -0.613568 0.622852  0.088662 0.775251  
0.15372 0.473243 1.000244  0.505399 -0.516669 0.691104  0.090611 0.815965  
0.156843 0.473458 0.998121  0.505399 -0.516669 0.691104  0.097411 0.815045  
0.286508 0.615398 1.05089  0.348784 -0.837731 0.420186  0.08803 0.736042  
0.336055 0.630279 1.066217  0.237163 -0.91351 0.330535  0.081279 0.718523  
0.367979 0.62721 1.070547  -0.781126 -0.381449 0.494306  0.206188 0.580398  
0.336055 0.630279 1.066217  -0.246907 -0.808961 0.533497  0.177477 0.573962  
0.379327 0.59536 1.069696  -0.781126 -0.381449 0.494306  0.236225 0.572302  
0.376219 0.543361 1.05816  -0.928137 0.188939 0.320724  0.332644 0.730163  
0.379327 0.59536 1.069696  -0.968551 0.061929 0.240987  0.338496 0.712395  
0.340035 0.450383 1.035925  -0.833463 0.333917 0.440272  0.333877 0.769356  
0.326017 0.438894 1.029444  -0.387389 0.566465 0.727356  0.329907 0.776836  
0.327598 0.438578 1.031378  -0.652476 0.452672 0.607752  0.333877 0.776364  
0.223921 0.440322 1.009741  -0.194506 -0.125363 0.972857  0.213896 0.847668  
0.225656 0.443756 1.009109  0.040799 0.53714 0.842506  0.212944 0.844533  
0.156843 0.473458 0.998121  0.07859 0.495831 0.864856  0.136106 0.843706  
0.149178 0.473059 0.999254  0.022719 0.371486 0.92816  0.130283 0.849555  
0.275477 0.432251 1.019331  -0.2039 -0.138668 0.969121  0.262165 0.846579  
0.276048 0.435971 1.018423  -0.128136 0.592022 0.79567  0.260047 0.843315  
0.324291 0.435081 1.030111  -0.208502 -0.111974 0.971591  0.301077 0.845701  
0.326017 0.438894 1.029444  -0.387389 0.566465 0.727356  0.299862 0.842378  
0.149178 0.473059 0.999254  -0.204293 -0.156905 0.966253  0.149484 0.886691  
0.205019 0.417352 1.002014  -0.204296 -0.156905 0.966253  0.20473 0.890185  
0.223921 0.440322 1.009741  -0.194506 -0.125363 0.972857  0.205325 0.877918  
0.324291 0.435081 1.030111  -0.208502 -0.111974 0.971591  0.263549 0.853684  
0.275477 0.432251 1.019331  -0.2039 -0.138668 0.969121  0.237561 0.867199  
0.271254 0.375033 1.009147  -0.204296 -0.156905 0.966253  0.259977 0.886691  
0.324291 0.435081 1.030111  -0.208502 -0.111974 0.971591  0.333877 0.778343  
0.327743 0.438404 1.031381  -0.645858 0.368534 0.668618  0.333877 0.776383  
0.156843 0.473458 0.998121  0.047402 -0.998384 -0.031358  0.111697 0.683892  
0.15372 0.473243 1.000244  0.047402 -0.998384 -0.031358  0.109417 0.673267  
0.149178 0.473059 0.999254  0.047402 -0.998384 -0.031358  0.105744 0.673267  
-0.385264 0.628033 1.004002  -0.024247 -0.095605 0.995124  0.403047 0.751981  
-0.384147 0.62659 1.003951  -0.023045 -0.09465 0.995244  0.402415 0.751981  
-0.350664 0.629826 1.007468  -0.039907 -0.135524 0.98997  0.396245 0.778197  
-0.350732 0.631612 1.007794  -0.046339 -0.137156 0.989465  0.396751 0.779165  
-0.38259 0.632303 0.941526  -0.537242 0.84342 -0.003763  0.378278 0.623788  
-0.385264 0.628033 1.004002  -0.535273 0.844671 -0.003708  0.378278 0.659383  
-0.350732 0.631612 1.007794  0.168643 0.985597 0.01254  0.394665 0.660555  
-0.340051 0.628552 0.94102  0.193361 0.981042 0.012961  0.395513 0.622616  
-0.21357 0.413965 0.933837  0.043947 0.065936 -0.996856  0.09102 0.660616  
-0.38259 0.632303 0.941526  0.044073 0.066047 -0.996843  0.09102 0.565037  
-0.340051 0.628552 0.94102  0.042624 0.064773 -0.996989  0.077029 0.575075  
-0.288711 0.61276 0.944761  0.042624 0.064773 -0.996989  0.063064 0.590228  
-0.213021 0.558158 0.943716  0.042624 0.064773 -0.996989  0.051227 0.621199  
-0.156977 0.46863 0.939995  0.042624 0.064773 -0.996989  0.055932 0.657588  
-0.216244 0.409695 0.996312  0.6119 -0.790445 -0.027838  0.257749 0.898716  
-0.21357 0.413965 0.933837  0.6119 -0.790445 -0.027838  0.129994 0.898716  
-0.156977 0.46863 0.939995  0.695705 -0.718068 -0.019305  0.129994 0.94194  
-0.159651 0.46436 1.00247  0.695706 -0.718068 -0.019305  0.257749 0.94194  
-0.159651 0.46436 1.00247  0.845342 0.525095 0.098344  0.408385 0.678314  
-0.156977 0.46863 0.939995  0.845342 0.525095 0.098344  0.408385 0.806069  
-0.213021 0.558158 0.943716  0.586168 0.806591 0.076284  0.430321 0.806069  
-0.215695 0.553888 1.006191  0.586168 0.806591 0.076284  0.430321 0.678314  
-0.208683 0.537085 1.005342  0.845342 0.525095 0.098344  0.426651 0.678314  
-0.206225 0.532785 1.005154  0.845342 0.525095 0.098344  0.425627 0.678314  
-0.280874 0.373136 0.928166  -0.724978 -0.684365 -0.077798  0.016407 0.677269  
-0.283548 0.368866 0.990641  -0.724978 -0.684365 -0.077798  0.016407 0.805024  
-0.356203 0.44559 0.992776  -0.930533 -0.360489 -0.064461  0.038344 0.805024  
-0.353529 0.44986 0.930301  -0.930533 -0.360489 -0.064461  0.038344 0.677269  
-0.280874 0.373136 0.928166  0.520547 -0.853072 -0.036027  0.129994 0.855491  
-0.283548 0.368866 0.990641  0.520547 -0.853072 -0.036027  0.257749 0.855491  
-0.353529 0.44986 0.930301  0.045248 0.06708 -0.996721  0.130812 0.621199  
-0.39077 0.545014 0.935763  0.045248 0.06708 -0.996721  0.117874 0.587235  
-0.393639 0.600895 0.936837  0.045248 0.06708 -0.996721  0.103634 0.571333  
-0.280874 0.373136 0.928166  0.045248 0.06708 -0.996721  0.126108 0.657588  
-0.393397 0.540819 0.99714  -0.966566 -0.249672 -0.058429  0.058819 0.803901  
-0.39077 0.545014 0.935763  -0.966566 -0.249671 -0.058428  0.058819 0.678392  
-0.396489 0.596344 1.003425  0.023691 -0.085035 0.996096  0.396751 0.726204  
-0.39475 0.596022 1.003271  0.0226 -0.087103 0.995943  0.396293 0.727269  
-0.393639 0.600895 0.936837  -0.994777 0.0955 -0.036044  0.362738 0.622616  
-0.396489 0.596344 1.003425  -0.994777 0.0955 -0.036044  0.362738 0.660555  
-0.298231 0.614169 1.006226  0.475678 0.878111 0.051487  0.411599 0.65907  
-0.288711 0.61276 0.944761  0.498195 0.865225 0.056461  0.412715 0.6241  
-0.288711 0.61276 0.944761  0.498195 0.865225 0.056461  0.448991 0.804946  
-0.298231 0.614169 1.006226  0.475678 0.878111 0.051487  0.450796 0.679437  
-0.39077 0.545014 0.935763  -0.966566 -0.249671 -0.058428  0.345196 0.6241  
-0.393397 0.540819 0.99714  -0.966566 -0.249672 -0.058429  0.345196 0.65907  
-0.283548 0.368866 0.990641  -0.042638 -0.068134 0.996765  0.310496 0.68028  
-0.282686 0.373424 0.99099  -0.042638 -0.068134 0.996765  0.311564 0.683462  
-0.353386 0.447761 0.993045  -0.048176 -0.067692 0.996542  0.346885 0.673926  
-0.356203 0.44559 0.992776  -0.047495 -0.067746 0.996571  0.346885 0.670666  
-0.215695 0.553888 1.006191  -0.039318 -0.055585 0.99768  0.346885 0.833296  
-0.217581 0.552434 1.006011  -0.039291 -0.055486 0.997686  0.346885 0.831113  
-0.208887 0.536986 1.005327  -0.042727 -0.068143 0.99676  0.340812 0.828747  
-0.208683 0.537085 1.005342  -0.042727 -0.068143 0.99676  0.340796 0.828949  
-0.391209 0.542503 0.997404  -0.030243 -0.083227 0.996072  0.380848 0.69964  
-0.393397 0.540819 0.99714  -0.044279 -0.073891 0.996283  0.380849 0.697106  
-0.298231 0.614169 1.006226  -0.034583 -0.068197 0.997072  0.380849 0.807255  
-0.30016 0.61268 1.006097  -0.029039 -0.085599 0.995906  0.380848 0.805024  
-0.338378 0.470021 0.966646  0.660927 0.401568 0.63397  0.145119 0.751481  
-0.285949 0.414886 0.965121  -0.606793 0.361138 0.708083  0.149278 0.764484  
-0.253119 0.4611 0.969685  -0.349877 0.191013 0.917115  0.196009 0.759144  
-0.288452 0.509208 0.951382  -0.088015 -0.009232 0.996076  0.195534 0.731585  
-0.372342 0.534091 0.96921  0.795771 0.272657 0.540747  0.150612 0.717788  
-0.332108 0.565858 0.951302  -0.006683 -0.114263 0.993428  0.195307 0.71559  
-0.380587 0.568679 0.972941  0.631273 -0.335596 0.699192  0.154141 0.689293  
-0.349041 0.587391 0.954811  0.142385 -0.30085 0.942982  0.195444 0.723554  
-0.360775 0.600166 0.974586  0.089888 -0.75314 0.651691  0.193986 0.675512  
-0.324991 0.611403 0.97824  -0.34562 -0.87145 0.348026  0.234752 0.687237  
-0.29348 0.594874 0.97674  -0.52127 -0.744425 0.417263  0.239626 0.715648  
-0.239555 0.54619 0.976081  -0.58472 -0.669216 0.458533  0.246989 0.749116  
-0.232538 0.533734 0.97553  -0.540093 -0.030853 0.84104  0.246038 0.751587  
-0.238909 0.496506 0.972713  -0.54526 0.060122 0.836108  0.226171 0.758463  
-0.353386 0.447761 0.993045  0.622147 0.426317 0.656648  0.08928 0.748152  
-0.282686 0.373424 0.99099  0.524987 0.47984 0.702953  0.090969 0.783433  
-0.281774 0.376102 0.98848  0.524987 0.47984 0.702953  0.096862 0.782636  
-0.391209 0.542503 0.997404  0.829909 0.208497 0.517475  0.088733 0.714176  
-0.39475 0.596022 1.003271  0.886183 0.068634 0.458223  0.082882 0.698994  
-0.384147 0.62659 1.003951  0.089888 -0.75314 0.651691  0.191122 0.579303  
-0.39475 0.596022 1.003271  0.631273 -0.335596 0.699192  0.166243 0.573725  
-0.350664 0.629826 1.007468  0.089888 -0.75314 0.651691  0.217151 0.572287  
-0.30016 0.61268 1.006097  -0.467887 -0.78939 0.397422  0.300702 0.709081  
-0.350664 0.629826 1.007468  -0.34562 -0.87145 0.348026  0.305773 0.693685  
-0.217581 0.552434 1.006011  -0.59895 -0.644413 0.475384  0.301771 0.743044  
-0.20932 0.535218 1.003587  -0.746458 -0.114085 0.655579  0.298331 0.749526  
-0.208887 0.536986 1.005327  -0.689455 -0.414845 0.593764  0.301771 0.749117  
-0.234377 0.434494 0.997231  -0.071178 -0.050226 0.996198  0.197802 0.810906  
-0.237114 0.436853 0.995767  -0.623782 0.308399 0.718183  0.196977 0.808189  
-0.281774 0.376102 0.98848  -0.57774 0.338666 0.742645  0.130393 0.807472  
-0.283548 0.368866 0.990641  -0.482672 0.266762 0.834186  0.125347 0.812541  
-0.214654 0.48357 1.001429  -0.060377 -0.062976 0.996187  0.239629 0.809962  
-0.217926 0.484836 0.999793  -0.713334 0.151648 0.68422  0.237794 0.807133  
-0.206225 0.532785 1.005154  -0.087416 -0.060691 0.994321  0.273349 0.809201  
-0.20932 0.535218 1.003587  -0.746458 -0.114085 0.655579  0.272295 0.806321  
-0.283548 0.368866 0.990641  -0.042653 -0.068127 0.996764  0.141985 0.84472  
-0.216244 0.409695 0.996312  -0.042652 -0.068126 0.996765  0.189859 0.847749  
-0.234377 0.434494 0.997231  -0.071178 -0.050226 0.996198  0.190374 0.837118  
-0.206225 0.532785 1.005154  -0.087416 -0.060691 0.994321  0.240828 0.816118  
-0.214654 0.48357 1.001429  -0.060377 -0.062976 0.996187  0.218308 0.82783  
-0.159651 0.46436 1.00247  -0.042651 -0.068125 0.996765  0.237733 0.84472  
-0.206225 0.532785 1.005154  -0.087416 -0.060691 0.994321  0.301771 0.750832  
-0.208683 0.537085 1.005342  -0.616265 -0.417879 0.667529  0.301771 0.749133  
-0.281774 0.376102 0.98848  0.970105 -0.194415 0.145255  0.109241 0.668985  
-0.282686 0.373424 0.99099  0.970105 -0.194415 0.145255  0.107265 0.659778  
-0.283548 0.368866 0.990641  0.970105 -0.194415 0.145255  0.104083 0.659778  
-0.302253 -0.43913 0.402574  0.000001 0.383095 -0.923709  0.922417 0.25337  
-0.302253 -0.334656 0.444695  0.000001 0.154182 -0.988042  0.890482 0.280879  
-0.26238 -0.347166 0.457626  0.641821 0.192362 -0.742336  0.903759 0.281194  
-0.276145 -0.445942 0.409615  0.517247 0.354538 -0.778947  0.929646 0.253541  
-0.302253 -0.491823 0.457039  0 -0.718704 -0.695317  0.751075 0.12678  
-0.302253 -0.43913 0.402574  0 -0.718704 -0.695317  0.806996 0.128105  
-0.276145 -0.445942 0.409615  -0.000001 -0.718703 -0.695317  0.800036 0.116564  
-0.225875 -0.464275 0.428565  -0.000001 -0.718704 -0.695317  0.781098 0.094211  
-0.210841 -0.482609 0.447515  -0.000001 -0.718704 -0.695317  0.761796 0.087202  
-0.188042 -0.4049 0.517302  0.196484 -0.665326 0.720233  0.808676 0.057197  
-0.302253 -0.419408 0.532298  -0 -0.679754 0.73344  0.778996 0.056494  
-0.302253 -0.491823 0.457039  0 -0.707759 0.706454  0.778327 0.084744  
-0.210841 -0.482609 0.447515  0.163654 -0.698217 0.696929  0.802082 0.085307  
-0.302253 -0.21889 0.461156  0 0.947678 0.319228  0.839327 0.393488  
-0.302253 -0.278241 0.647396  -0.27559 -0.29291 0.915562  0.968552 0.39655  
-0.198699 -0.269195 0.61912  0.275589 -0.29291 0.915562  0.949983 0.350987  
-0.200046 -0.246728 0.554626  -0.007313 0.953063 0.302684  0.904237 0.35049  
-0.182465 -0.225785 0.48271  0.097746 0.931451 0.350493  0.855533 0.341675  
-0.206825 -0.376033 0.487464  0.834801 0.134288 -0.533923  0.934395 0.28192  
-0.225875 -0.464275 0.428565  0.6704 0.284869 -0.685137  0.949103 0.254002  
-0.416465 -0.4049 0.517302  -0.975104 0.045215 -0.217088  0.749396 0.200587  
-0.397681 -0.376033 0.487464  -0.834802 0.134287 -0.533922  0.780032 0.201313  
-0.378631 -0.464275 0.428565  -0.670401 0.284868 -0.685138  0.766663 0.17273  
-0.393665 -0.482609 0.447515  -0.872618 0.142254 -0.467228  0.747206 0.172269  
-0.405807 -0.269195 0.61912  -0.27559 -0.29291 0.915562  0.947845 0.441182  
-0.422041 -0.225785 0.48271  -0.097746 0.931451 0.350493  0.85306 0.44601  
-0.40446 -0.246728 0.554626  0.007313 0.953063 0.302684  0.902127 0.439512  
-0.393665 -0.482609 0.447515  -0.163654 -0.698217 0.696929  0.754572 0.084181  
-0.416465 -0.4049 0.517302  -0.196484 -0.665326 0.720233  0.749316 0.055791  
-0.328361 -0.445942 0.409615  0.000001 -0.718704 -0.695316  0.799497 0.139304  
-0.393665 -0.482609 0.447515  0.000001 -0.718704 -0.695316  0.75991 0.166821  
-0.378631 -0.464275 0.428565  0.000001 -0.718704 -0.695316  0.779522 0.160735  
-0.342126 -0.347166 0.457626  -0.641821 0.192362 -0.742336  0.810668 0.202039  
-0.302253 -0.334656 0.444695  0.000001 0.154182 -0.988042  0.823944 0.202354  
-0.302253 -0.43913 0.402574  0.000001 0.383095 -0.923709  0.793348 0.173363  
-0.328361 -0.445942 0.409615  -0.517248 0.354537 -0.778947  0.786119 0.173191  
-0.373605 -0.267294 0.46943  -0.474347 -0.866298 -0.1566  0.842618 0.137593  
-0.302253 -0.280729 0.441372  -0 -0.977164 -0.212485  0.851342 0.106709  
-0.302253 -0.334656 0.444695  0.000001 0.154182 -0.988042  0.82191 0.106012  
-0.342126 -0.347166 0.457626  -0.361909 0.165446 -0.917414  0.808222 0.123061  
-0.26238 -0.347166 0.457626  0.361911 0.165446 -0.917414  0.809045 0.088332  
-0.230901 -0.267294 0.46943  0.474346 -0.866298 -0.156601  0.844091 0.075446  
-0.230901 -0.267294 0.46943  0.474346 -0.866298 -0.156601  0.868617 0.29813  
-0.184463 -0.276785 0.545009  0.94216 0.010713 -0.334991  0.913276 0.311573  
-0.302253 -0.304971 0.638845  0 -0.610172 0.792269  0.977215 0.325271  
-0.302253 -0.419408 0.532298  -0 -0.679754 0.73344  0.980427 0.28301  
-0.188042 -0.4049 0.517302  0.975104 0.045216 -0.217089  0.965031 0.282646  
-0.198699 -0.295925 0.610569  0.998329 -0.01587 -0.055574  0.957662 0.321244  
-0.302253 -0.419408 0.532298  -0 -0.679754 0.73344  0.734 0.200222  
-0.302253 -0.304971 0.638845  0 -0.610172 0.792269  0.735206 0.242588  
-0.405807 -0.295925 0.610569  -0.96349 0.212131 0.16336  0.754928 0.239491  
-0.420043 -0.276785 0.545009  -0.942161 0.010714 -0.334989  0.799722 0.231933  
-0.302253 -0.304971 0.638845  0 -0.610172 0.792269  0.977731 0.396767  
-0.198699 -0.295925 0.610569  0.226058 -0.601809 0.765979  0.959162 0.351205  
-0.182465 -0.225785 0.48271  0.097746 0.931451 0.350493  0.854111 0.308366  
-0.200046 -0.246728 0.554626  0.963491 0.212131 0.163357  0.902773 0.318985  
-0.153239 -0.177056 0.298672  -0.743363 0.203822 -0.637078  0.901199 0.019981  
-0.228591 -0.204033 0.382994  0.13891 0.301762 -0.943209  0.842387 0.029215  
-0.228591 -0.187978 0.39823  0.096574 0.801163 -0.590603  0.842402 0.035209  
-0.153239 -0.173626 0.309869  -0.669236 0.598099 -0.440909  0.896956 0.022656  
-0.405807 -0.295925 0.610569  -0.226058 -0.601809 0.765979  0.957025 0.441399  
-0.302253 -0.171131 0.280151  -0.813894 0.177037 -0.553384  0.986593 0.022814  
-0.375915 -0.204033 0.382994  -0.138913 0.301759 -0.94321  0.914862 0.034076  
-0.375915 -0.187978 0.39823  -0.096576 0.801164 -0.590601  0.914878 0.04007  
-0.302253 -0.1677 0.291348  -0.750395 0.532048 -0.392215  0.982349 0.02549  
-0.451267 -0.186349 0.305799  -0.847527 -0.487273 -0.210388  0.973638 0.208612  
-0.432328 -0.251834 0.443268  -0.459061 -0.814972 -0.353671  0.866821 0.219221  
-0.432328 -0.21329 0.455599  -0.136844 0.914557 0.380605  0.879825 0.229353  
-0.451267 -0.173626 0.309869  -0.707038 0.631758 0.317774  0.97793 0.211957  
-0.451267 -0.177056 0.298672  -0.992452 -0.037368 0.116798  0.982174 0.209281  
-0.198699 -0.269195 0.61912  0.963491 0.212131 0.163357  0.948321 0.327836  
-0.172178 -0.251834 0.443268  0.459061 -0.814972 -0.353671  0.866504 0.050389  
-0.302253 -0.270597 0.410689  0.000001 -0.872995 -0.487728  0.872813 0.107218  
-0.302253 -0.180424 0.287277  0.000001 -0.83913 -0.543931  0.98453 0.109865  
-0.228591 -0.22595 0.386082  0.188897 -0.824023 -0.534139  0.909531 0.07599  
-0.153239 -0.186349 0.305799  0.847528 -0.487271 -0.210388  0.973205 0.044665  
-0.172178 -0.21329 0.455599  0.136844 0.914556 0.380605  0.83485 0.336703  
-0.153239 -0.173626 0.309869  0.707035 0.63176 0.317774  0.737407 0.326141  
-0.228591 -0.187978 0.39823  -0.025026 0.942738 0.332594  0.790855 0.360241  
-0.302253 -0.1677 0.291348  0 0.943033 0.332698  0.723006 0.390731  
-0.432328 -0.251834 0.443268  -0.459061 -0.814972 -0.353671  0.863819 0.163684  
-0.451267 -0.186349 0.305799  -0.847527 -0.487273 -0.210388  0.970129 0.174455  
-0.375915 -0.22595 0.386082  -0.188896 -0.824023 -0.534139  0.908011 0.140149  
-0.375915 -0.187978 0.39823  0.025027 0.942738 0.332594  0.789334 0.424401  
-0.451267 -0.173626 0.309869  -0.707038 0.631758 0.317774  0.734331 0.455931  
-0.432328 -0.21329 0.455599  -0.136844 0.914557 0.380605  0.832165 0.449997  
-0.405807 -0.269195 0.61912  -0.96349 0.212131 0.16336  0.763947 0.246518  
-0.40446 -0.246728 0.554626  -0.908145 -0.337756 -0.247372  0.809863 0.239834  
-0.228591 -0.187978 0.39823  0.096574 0.801163 -0.590603  0.803249 0.032666  
-0.228591 -0.204033 0.382994  0.13891 0.301762 -0.943209  0.803549 0.026679  
-0.302253 -0.171131 0.280151  0.813894 0.17704 -0.553384  0.732432 0.012033  
-0.302253 -0.1677 0.291348  0.750394 0.532048 -0.392215  0.736544 0.014906  
-0.375915 -0.187978 0.39823  -0.096576 0.801164 -0.590601  0.795703 0.05404  
-0.375915 -0.204033 0.382994  -0.138913 0.301759 -0.94321  0.796003 0.048054  
-0.451267 -0.177056 0.298672  0.743361 0.203819 -0.637081  0.737693 0.036044  
-0.451267 -0.173626 0.309869  0.669235 0.598102 -0.440906  0.741805 0.038918  
-0.172178 -0.251834 0.443268  0.459061 -0.814972 -0.353671  0.846855 0.295697  
-0.172178 -0.21329 0.455599  0.136844 0.914556 0.380605  0.833385 0.305201  
-0.422041 -0.225785 0.48271  -0.097746 0.931451 0.350493  0.858972 0.231532  
-0.373605 -0.267294 0.46943  -0.726398 0.047118 -0.685657  0.844968 0.220621  
-0.153239 -0.186349 0.305799  -0.669236 -0.231113 -0.706194  0.892663 0.019312  
-0.228591 -0.22595 0.386082  0.096591 -0.309569 -0.945958  0.829591 0.025227  
-0.228591 -0.22595 0.386082  0.096591 -0.309569 -0.945958  0.816519 0.023302  
-0.302253 -0.180424 0.287277  0.750401 -0.205574 -0.628201  0.74099 0.011769  
-0.302253 -0.180424 0.287277  -0.7504 -0.205578 -0.628202  0.978057 0.022145  
-0.375915 -0.22595 0.386082  -0.096593 -0.309571 -0.945957  0.902066 0.030088  
-0.375915 -0.22595 0.386082  -0.096593 -0.309571 -0.945957  0.808973 0.044676  
-0.451267 -0.186349 0.305799  0.669233 -0.231114 -0.706197  0.746252 0.03578  
-0.153239 -0.186349 0.305799  0.847528 -0.487271 -0.210388  0.74066 0.28004  
-0.153239 -0.177056 0.298672  0.992452 -0.037366 0.116799  0.732102 0.280304  
-0.153239 -0.173626 0.309869  0.707035 0.63176 0.317774  0.736214 0.283178  
-0.210841 -0.482609 0.447515  0.872618 0.142258 -0.467227  0.96856 0.254463  
-0.503774 0.152613 0.545649  0 0.705223 0.708986  0.518463 0.405666  
-0.503774 0.032849 0.665209  0 0.743849 0.668348  0.480747 0.388963  
-0.446746 0.022001 0.645998  0.591679 0.54784 0.591429  0.483393 0.400672  
-0.451375 0.142946 0.528528  0.519628 0.56986 0.63659  0.520822 0.416101  
-0.503774 0.077831 0.413208  -0 0.870776 -0.49168  0.602582 0.037283  
-0.503774 0.152613 0.545649  -0 0.870776 -0.49168  0.602582 0.178357  
-0.451375 0.142946 0.528528  -0 0.870776 -0.49168  0.619698 0.16012  
-0.350483 0.116926 0.482447  -0 0.870776 -0.49168  0.652654 0.111036  
-0.32031 0.090907 0.436367  -0 0.870776 -0.49168  0.66251 0.061952  
-0.340423 -0.03639 0.542587  0.17887 -0.637619 -0.749298  0.43369 0.43914  
-0.503774 -0.051062 0.516601  0 -0.64908 -0.76072  0.380332 0.452236  
-0.503774 0.077831 0.413208  0 -0.640741 -0.767757  0.380332 0.463936  
-0.32031 0.090907 0.436367  0.158048 -0.632688 -0.758108  0.44026 0.452264  
-0.503774 -0.027311 0.751164  0 -0.57141 0.820664  0.380332 0.357472  
-0.503774 -0.191542 0.641775  -0.27559 -0.794702 -0.540832  0.380332 0.434713  
-0.38733 -0.163943 0.660558  0.275589 -0.794702 -0.540832  0.418368 0.42158  
-0.401567 -0.109028 0.69793  -0.004021 -0.553015 0.833162  0.413717 0.395449  
-0.383986 -0.046019 0.738431  0.097611 -0.595959 0.79706  0.41946 0.366375  
-0.367288 -0.007194 0.594293  0.75706 0.380216 0.531315  0.490517 0.432186  
-0.350483 0.116926 0.482447  0.709294 0.43349 0.555868  0.527171 0.444187  
-0.667125 -0.03639 0.542587  -0.920714 0.120241 0.371251  0.455254 0.047562  
-0.64026 -0.007194 0.594293  -0.757061 0.380215 0.531314  0.45059 0.079081  
-0.657066 0.116926 0.482447  -0.709295 0.43349 0.555867  0.486196 0.064625  
-0.687238 0.090907 0.436367  -0.89155 0.214891 0.398698  0.490353 0.036535  
-0.620218 -0.163943 0.660558  -0.27559 -0.794702 -0.540832  0.342296 0.42158  
-0.623562 -0.046019 0.738431  -0.097611 -0.595959 0.79706  0.341204 0.366375  
-0.605981 -0.109028 0.69793  0.004021 -0.553015 0.833162  0.346947 0.395449  
-0.687238 0.090907 0.436367  -0.158048 -0.632688 -0.758108  0.320404 0.452264  
-0.667125 -0.03639 0.542587  -0.17887 -0.637619 -0.749298  0.326974 0.43914  
-0.556174 0.142946 0.528528  0 0.870776 -0.49168  0.585467 0.16012  
-0.687238 0.090907 0.436367  0 0.870776 -0.49168  0.542655 0.061952  
-0.657066 0.116926 0.482447  0 0.870776 -0.49168  0.552511 0.111036  
-0.560803 0.022001 0.645998  -0.591679 0.547839 0.591429  0.445925 0.110601  
-0.503774 0.032849 0.665209  0 0.743849 0.668348  0.444192 0.122312  
-0.503774 0.152613 0.545649  0 0.705223 0.708986  0.480494 0.103152  
-0.556174 0.142946 0.528528  -0.519628 0.56986 0.63659  0.482038 0.092716  
-0.575126 -0.0215 0.702402  -0.474347 0.396145 -0.78617  0.59596 0.250565  
-0.503774 0.009219 0.697487  0 0.481212 -0.876604  0.619267 0.257186  
-0.503774 0.032849 0.665209  0 0.743849 0.668348  0.619267 0.247099  
-0.560803 0.022001 0.645998  -0.337385 0.696279 0.633535  0.60064 0.233602  
-0.446746 0.022001 0.645998  0.337385 0.69628 0.633535  0.637895 0.233602  
-0.432423 -0.0215 0.702402  0.474346 0.396146 -0.786171  0.642574 0.250565  
-0.432423 -0.0215 0.702402  0.474346 0.396146 -0.786171  0.467075 0.388894  
-0.385984 -0.091273 0.67184  0.891352 0.192096 0.410598  0.465327 0.423272  
-0.503774 -0.173787 0.615686  0 -0.689465 -0.724319  0.380332 0.440852  
-0.38733 -0.146188 0.634468  0.223173 -0.666364 -0.711444  0.418368 0.427719  
-0.620218 -0.146188 0.634468  -0.223174 -0.666365 -0.711443  0.342296 0.427719  
-0.620218 -0.146188 0.634468  -0.966568 -0.056731 0.250057  0.424937 0.057191  
-0.621564 -0.091273 0.67184  -0.891352 0.192094 0.410598  0.426172 0.089673  
-0.383986 -0.046019 0.738431  0.097611 -0.595959 0.79706  0.457022 0.38039  
-0.401567 -0.109028 0.69793  0.966568 -0.056727 0.250057  0.458048 0.417114  
-0.35476 0.116606 0.837413  -0.743362 0.55298 0.376333  0.524478 0.270005  
-0.430112 0.043415 0.787603  0.138911 0.8187 0.557167  0.516512 0.196395  
-0.430112 0.024248 0.798671  0.096574 0.338797 0.93589  0.512018 0.196593  
-0.35476 0.104896 0.837523  -0.669233 0.252926 0.698681  0.522397 0.264753  
-0.503774 0.132682 0.848354  -0.813893 0.480337 0.326886  0.48057 0.274976  
-0.577437 0.043415 0.787603  -0.138907 0.818701 0.557165  0.470853 0.185199  
-0.577437 0.024248 0.798671  -0.096572 0.338799 0.93589  0.46636 0.185397  
-0.503774 0.120972 0.848464  -0.750394 0.224995 0.621519  0.478489 0.269724  
-0.652788 0.112412 0.826479  -0.847528 0.340091 -0.407474  0.428076 0.217322  
-0.63385 -0.000804 0.724654  -0.459062 0.570528 -0.680999  0.42967 0.139266  
-0.63385 -0.023573 0.758111  -0.136844 -0.624632 0.768836  0.420976 0.147709  
-0.652788 0.104896 0.837523  -0.707036 -0.484085 0.515521  0.425206 0.220109  
-0.652788 0.116606 0.837413  -0.992453 -0.10138 -0.068994  0.42682 0.223419  
-0.38733 -0.163943 0.660558  0.966568 -0.056727 0.250057  0.459361 0.450033  
-0.38733 -0.146188 0.634468  0.948065 -0.045719 0.314773  0.46664 0.456191  
-0.373699 -0.000804 0.724654  0.45906 0.570529 -0.680999  0.661756 0.268644  
-0.503774 0.035762 0.715915  -0 0.715544 -0.698568  0.619267 0.274987  
-0.503774 0.128488 0.83742  -0 0.759817 -0.650137  0.619267 0.367608  
-0.430112 0.046678 0.765711  0.188895 0.746139 -0.638433  0.643329 0.304799  
-0.35476 0.112412 0.826479  0.847529 0.34009 -0.407473  0.667942 0.356944  
-0.373699 -0.023573 0.758111  0.136844 -0.624632 0.768836  0.42282 0.354011  
-0.35476 0.104896 0.837523  0.707036 -0.484086 0.51552  0.429007 0.295942  
-0.430112 0.024248 0.798671  -0.025027 -0.5866 0.80949  0.404393 0.328192  
-0.503774 0.120972 0.848464  0 -0.586783 0.809744  0.380332 0.288292  
-0.63385 -0.000804 0.724654  -0.459062 0.570528 -0.680999  0.576779 0.268644  
-0.652788 0.112412 0.826479  -0.847528 0.340091 -0.407474  0.570593 0.356944  
-0.577437 0.046678 0.765711  -0.188896 0.746138 -0.638433  0.595206 0.304799  
-0.577437 0.024248 0.798671  0.025027 -0.5866 0.80949  0.356271 0.328192  
-0.652788 0.104896 0.837523  -0.707036 -0.484085 0.515521  0.331657 0.295942  
-0.63385 -0.023573 0.758111  -0.136844 -0.624632 0.768836  0.337844 0.354011  
-0.620218 -0.163943 0.660558  -0.966568 -0.056731 0.250057  0.418157 0.063775  
-0.605981 -0.109028 0.69793  -0.908146 0.333096 -0.253611  0.419392 0.096257  
-0.430112 0.024248 0.798671  0.096574 0.338797 0.93589  0.527394 0.253613  
-0.430112 0.043415 0.787603  0.138911 0.8187 0.557167  0.531887 0.253811  
-0.503774 0.132682 0.848354  0.813893 0.480336 0.326887  0.541604 0.164034  
-0.503774 0.120972 0.848464  0.750393 0.224994 0.621521  0.539522 0.169285  
-0.577437 0.024248 0.798671  -0.096572 0.338799 0.93589  0.496643 0.253613  
-0.577437 0.043415 0.787603  -0.138907 0.818701 0.557165  0.501136 0.253811  
-0.652788 0.116606 0.837413  0.743362 0.552981 0.376332  0.509103 0.180202  
-0.652788 0.104896 0.837523  0.669234 0.252927 0.69868  0.507022 0.185453  
-0.373699 -0.000804 0.724654  0.45906 0.570529 -0.680999  0.464932 0.372892  
-0.373699 -0.023573 0.758111  0.136844 -0.624632 0.768836  0.455596 0.364996  
-0.623562 -0.046019 0.738431  -0.097611 -0.595959 0.79706  0.421207 0.132462  
-0.575126 -0.0215 0.702402  -0.713372 0.495677 0.495384  0.43057 0.123369  
-0.35476 0.112412 0.826479  -0.669235 0.742752 -0.021075  0.524828 0.259261  
-0.430112 0.046678 0.765711  0.096593 0.994924 -0.02822  0.519274 0.180202  
-0.430112 0.046678 0.765711  0.096593 0.994924 -0.02822  0.534649 0.270005  
-0.503774 0.128488 0.83742  0.750401 0.660717 -0.018733  0.541954 0.174778  
-0.503774 0.128488 0.83742  -0.7504 0.660719 -0.018732  0.48092 0.264232  
-0.577437 0.046678 0.765711  -0.096588 0.994924 -0.028217  0.473615 0.169005  
-0.577437 0.046678 0.765711  -0.096588 0.994924 -0.028217  0.503898 0.270005  
-0.652788 0.112412 0.826479  0.669236 0.742751 -0.021072  0.509453 0.190946  
-0.35476 0.112412 0.826479  0.847529 0.34009 -0.407473  0.457224 0.294119  
-0.35476 0.116606 0.837413  0.992452 -0.101381 -0.068994  0.455494 0.288049  
-0.35476 0.104896 0.837523  0.707036 -0.484086 0.51552  0.454143 0.291513  
-0.340423 -0.03639 0.542587  0.920713 0.120243 0.371253  0.49764 0.4637  
-0.32031 0.090907 0.436367  0.891549 0.214893 0.398701  0.533519 0.472272  
i arumajiro 3024
3 9 0 
9 3 8 
64 62 63 
62 65 66 
65 62 64 
88 91 89 
89 91 92 
71 73 70 
73 71 72 
74 70 73 
2 3 0 
2 0 1 
22 19 21 
19 20 21 
70 76 77 
71 77 75 
77 71 70 
90 91 88 
91 90 93 
63 62 67 
62 69 67 
69 62 68 
26 30 31 
30 26 25 
96 94 95 
94 96 97 
101 96 95 
96 101 100 
1 4 5 
4 1 0 
88 79 78 
79 88 89 
84 88 78 
88 84 90 
19 24 20 
24 19 23 
71 79 72 
79 71 78 
10 11 5 
5 4 10 
41 39 40 
39 41 38 
71 75 84 
71 84 78 
45 47 44 
47 45 46 
33 35 34 
35 33 36 
36 37 35 
12 11 15 
11 12 5 
106 107 105 
105 99 106 
99 104 106 
74 82 70 
82 74 80 
81 82 80 
83 70 82 
103 104 99 
99 98 103 
98 102 103 
76 85 87 
85 86 87 
85 76 70 
70 83 85 
27 28 23 
23 28 24 
51 53 50 
53 51 52 
57 59 56 
59 57 58 
4 14 10 
14 4 13 
28 32 24 
32 29 24 
39 42 43 
39 38 42 
55 51 54 
51 55 52 
45 48 49 
45 44 48 
61 57 60 
57 61 58 
99 101 95 
99 105 101 
99 94 98 
94 99 95 
34 29 33 
33 29 32 
16 14 13 
18 16 17 
16 18 14 
6 5 12 
5 6 1 
6 7 2 
2 1 6 
20 24 29 
20 29 25 
26 21 25 
21 20 25 
110 111 108 
108 109 110 
115 112 114 
112 113 114 
116 112 115 
118 120 117 
120 118 119 
122 124 121 
124 122 123 
121 124 125 
111 126 127 
126 111 110 
131 128 130 
130 128 129 
122 134 132 
134 122 121 
121 133 134 
118 136 135 
118 135 119 
112 139 137 
112 137 113 
139 112 138 
143 140 142 
142 140 141 
147 145 146 
145 147 144 
145 148 146 
148 145 149 
151 110 150 
110 151 126 
155 152 154 
152 153 154 
157 158 128 
157 128 156 
128 159 129 
159 128 158 
122 161 123 
161 122 160 
151 150 162 
151 162 163 
165 167 164 
167 165 166 
122 132 168 
122 168 160 
170 172 169 
172 170 171 
175 173 174 
173 175 176 
176 177 173 
155 163 178 
163 155 151 
183 179 182 
179 180 182 
180 181 182 
125 186 121 
186 125 184 
185 186 184 
187 121 186 
188 189 190 
190 181 180 
180 188 190 
121 187 191 
133 191 193 
192 193 191 
191 133 121 
194 195 158 
158 195 159 
199 197 198 
197 199 196 
203 201 202 
201 203 200 
204 162 150 
162 204 205 
206 159 195 
159 206 207 
165 164 208 
208 209 165 
211 197 210 
197 211 198 
170 212 213 
170 169 212 
215 201 214 
201 215 202 
180 149 145 
180 179 149 
180 144 188 
144 180 145 
206 174 207 
174 206 175 
216 205 204 
218 216 217 
216 218 205 
154 151 155 
151 154 126 
154 219 127 
127 126 154 
159 140 129 
140 159 207 
143 129 140 
129 143 130 
221 223 220 
223 221 222 
226 224 225 
224 226 227 
229 232 228 
231 229 230 
232 229 231 
233 234 235 
233 235 236 
240 237 239 
237 238 239 
243 244 241 
241 242 243 
246 235 234 
235 246 245 
248 229 247 
229 249 247 
229 248 230 
251 243 250 
243 251 244 
252 223 222 
252 253 223 
255 250 254 
254 250 243 
257 256 225 
256 226 225 
258 238 237 
238 258 221 
234 260 259 
260 234 233 
261 234 259 
234 261 246 
242 254 243 
254 242 252 
253 263 223 
263 253 262 
220 223 263 
220 263 264 
220 265 266 
265 220 264 
266 269 267 
269 265 268 
269 266 265 
270 236 235 
272 270 271 
236 270 272 
270 245 273 
245 270 235 
273 274 270 
279 275 278 
275 276 277 
275 277 278 
277 276 262 
280 262 276 
263 262 280 
263 280 281 
263 282 264 
282 263 281 
256 257 222 
222 221 256 
221 258 256 
222 255 252 
255 222 257 
254 252 255 
221 220 238 
238 220 266 
238 267 239 
267 238 266 
229 271 270 
271 229 228 
274 229 270 
229 274 249 
241 279 242 
279 278 242 
242 253 252 
253 242 278 
280 284 281 
284 280 283 
281 284 282 
282 284 285 
282 286 268 
286 282 285 
268 287 269 
287 268 286 
275 288 276 
288 289 276 
276 289 280 
283 280 289 
225 255 257 
255 225 290 
225 291 290 
291 225 224 
258 292 256 
292 258 237 
293 292 237 
293 237 240 
278 277 253 
253 277 262 
264 268 265 
268 264 282 
296 294 295 
294 296 297 
300 301 298 
298 299 300 
302 303 304 
304 303 305 
305 303 306 
306 303 307 
309 307 308 
303 308 307 
313 311 312 
311 313 310 
315 310 313 
310 315 314 
317 314 315 
314 317 316 
319 316 317 
316 319 318 
321 323 320 
323 321 322 
318 309 324 
309 318 319 
298 322 321 
322 298 301 
328 326 327 
326 328 325 
327 326 330 
326 329 330 
316 332 314 
332 316 331 
314 333 310 
333 314 332 
310 334 311 
334 310 333 
337 335 336 
337 338 335 
337 336 340 
340 336 339 
340 339 342 
342 339 341 
342 341 344 
344 341 343 
338 345 335 
338 346 345 
348 336 347 
347 336 335 
349 339 348 
348 339 336 
339 349 351 
351 349 350 
351 350 353 
353 350 352 
347 335 354 
335 345 354 
355 356 348 
355 348 347 
357 349 356 
356 349 348 
358 350 357 
357 350 349 
359 352 358 
358 352 350 
347 354 360 
360 355 347 
362 355 361 
355 362 356 
363 356 362 
356 363 357 
364 357 363 
357 364 365 
366 365 364 
365 366 367 
361 360 368 
360 361 355 
370 362 369 
369 362 361 
371 363 370 
370 363 362 
372 364 371 
371 364 363 
373 366 372 
372 366 364 
374 369 368 
369 375 370 
370 375 376 
376 371 370 
371 376 377 
379 371 378 
371 379 372 
380 372 379 
372 380 373 
369 374 381 
299 298 382 
382 383 299 
299 383 300 
383 384 300 
325 387 385 
387 325 386 
320 388 321 
328 389 390 
382 321 388 
321 382 298 
328 386 325 
386 328 390 
384 383 391 
312 304 313 
304 312 302 
315 313 304 
315 304 305 
317 305 306 
305 317 315 
307 317 306 
317 307 319 
307 309 319 
392 393 385 
392 394 393 
395 393 394 
397 399 396 
399 397 398 
398 401 399 
401 398 400 
400 403 401 
403 400 402 
329 326 393 
329 393 395 
405 329 395 
405 395 404 
408 409 406 
408 406 407 
411 408 407 
411 407 410 
326 325 385 
385 393 326 
414 413 397 
413 414 412 
398 397 413 
398 413 415 
416 398 415 
398 416 400 
417 400 416 
400 417 402 
418 412 414 
420 421 419 
419 421 422 
302 423 303 
423 424 303 
424 425 303 
425 426 303 
303 426 428 
426 427 428 
311 430 312 
430 311 429 
429 432 430 
432 429 431 
431 434 432 
434 431 433 
433 436 434 
436 433 435 
438 440 437 
440 438 439 
435 427 436 
427 435 441 
439 419 440 
419 439 420 
445 443 444 
443 445 442 
446 445 444 
445 446 447 
449 433 431 
433 449 448 
450 431 429 
431 450 449 
334 429 311 
429 334 450 
453 451 452 
453 454 451 
455 454 453 
455 456 454 
457 456 455 
456 457 458 
344 458 457 
458 344 343 
452 459 460 
452 451 459 
454 462 461 
454 461 451 
456 463 462 
456 462 454 
466 464 465 
466 467 464 
353 467 466 
467 353 352 
451 468 459 
461 468 451 
462 469 461 
469 462 470 
463 471 470 
470 462 463 
467 473 472 
472 464 467 
352 359 473 
473 467 352 
468 461 474 
474 461 469 
476 469 470 
469 476 475 
477 470 471 
470 477 476 
481 479 480 
479 481 478 
366 480 367 
480 366 481 
474 475 482 
475 474 469 
483 475 476 
483 476 484 
477 485 484 
484 476 477 
481 487 486 
486 478 481 
366 373 487 
487 481 366 
488 482 483 
490 483 484 
484 489 490 
489 484 485 
485 491 489 
492 486 487 
486 492 493 
380 487 373 
487 380 492 
483 494 488 
419 422 495 
496 495 422 
421 496 422 
496 421 497 
442 499 500 
442 498 499 
437 440 501 
443 502 503 
440 495 501 
495 440 419 
500 443 442 
443 500 502 
497 504 496 
312 423 302 
423 312 430 
432 423 430 
424 423 432 
432 434 424 
425 424 434 
434 426 425 
426 434 436 
426 436 427 
505 498 506 
506 507 508 
506 508 505 
510 512 509 
512 510 511 
513 511 510 
511 513 514 
403 514 513 
514 403 402 
447 506 445 
506 447 507 
515 507 447 
507 515 516 
519 517 518 
517 519 520 
411 520 519 
520 411 410 
445 498 442 
498 445 506 
522 523 521 
523 522 512 
511 523 512 
524 523 511 
511 525 524 
525 511 514 
514 417 525 
417 514 402 
526 522 521 
527 528 529 
527 529 530 
530 529 531 
530 531 532 
535 536 533 
535 533 534 
533 527 534 
527 533 528 
383 496 504 
383 504 391 
391 504 536 
391 536 535 
382 495 496 
382 496 383 
538 303 537 
303 538 308 
537 303 428 
495 382 388 
495 388 501 
532 297 296 
297 532 531 
493 379 378 
379 493 492 
493 378 295 
493 295 294 
492 380 379 
368 369 361 
483 482 475 
369 381 375 
483 490 494 
542 540 541 
540 542 539 
543 545 546 
545 543 544 
549 547 548 
547 551 552 
550 547 549 
551 547 550 
554 556 553 
556 554 555 
559 557 558 
557 559 562 
559 560 561 
562 559 561 
564 566 563 
566 564 565 
553 568 567 
567 554 553 
570 547 569 
547 570 548 
569 547 572 
548 570 571 
565 573 574 
565 574 566 
576 540 575 
539 575 540 
544 577 578 
577 544 543 
579 546 545 
546 579 580 
560 581 582 
581 560 559 
584 577 583 
577 584 578 
588 586 587 
586 588 585 
590 592 589 
592 590 591 
587 594 588 
594 587 593 
596 590 595 
589 595 590 
593 575 594 
575 593 576 
596 542 541 
595 542 596 
599 600 597 
599 597 598 
600 602 601 
600 601 597 
602 603 601 
603 602 604 
605 603 604 
606 605 604 
606 602 607 
602 606 604 
607 600 608 
600 607 602 
608 600 609 
600 610 609 
610 600 599 
598 597 611 
611 612 613 
611 613 598 
597 614 611 
614 597 601 
614 603 615 
603 614 601 
617 605 616 
605 617 603 
616 605 618 
618 605 606 
620 606 619 
619 606 607 
619 608 621 
608 619 607 
621 622 623 
621 609 622 
609 621 608 
626 624 625 
627 624 626 
624 628 625 
629 625 628 
628 630 629 
631 629 630 
632 633 634 
637 634 633 
637 635 636 
634 637 636 
598 625 599 
625 598 626 
599 629 610 
629 599 625 
610 631 609 
631 610 629 
638 639 622 
622 639 623 
640 641 642 
644 646 643 
646 644 645 
649 647 648 
647 649 650 
651 655 656 
653 651 652 
654 651 653 
655 651 654 
660 657 659 
657 658 659 
661 662 666 
663 664 665 
666 662 663 
666 663 665 
669 667 668 
667 669 670 
672 658 657 
658 672 671 
651 674 652 
673 651 676 
674 651 673 
652 674 675 
677 670 669 
670 677 678 
643 679 644 
644 679 680 
682 647 681 
647 682 648 
683 650 649 
650 683 684 
664 685 686 
685 664 663 
682 687 688 
687 682 681 
690 692 689 
692 690 691 
694 696 693 
696 694 695 
691 698 692 
698 691 697 
694 699 700 
693 699 694 
697 679 698 
679 697 680 
645 700 646 
699 646 700 
703 701 702 
701 703 704 
701 704 705 
705 704 706 
705 706 707 
707 706 708 
709 707 708 
710 709 708 
706 710 708 
710 706 711 
704 711 706 
711 704 712 
704 714 713 
714 704 703 
713 712 704 
716 702 715 
715 702 701 
702 716 717 
701 718 715 
718 701 705 
718 707 719 
707 718 705 
709 721 707 
721 709 720 
720 709 722 
722 709 710 
724 710 723 
723 710 711 
723 712 725 
712 723 711 
725 712 726 
725 726 727 
726 712 713 
729 730 728 
731 728 730 
733 729 732 
732 729 728 
735 733 734 
734 733 732 
736 737 738 
741 738 737 
738 741 740 
739 740 741 
729 702 730 
702 729 703 
733 703 729 
703 733 714 
735 714 733 
714 735 713 
727 726 743 
726 742 743 
744 745 746 
749 750 747 
747 748 749 
754 751 753 
751 752 753 
755 751 754 
757 759 756 
759 757 758 
761 763 760 
763 761 762 
760 763 764 
750 765 766 
765 750 749 
770 767 769 
769 767 768 
761 773 771 
773 761 760 
760 772 773 
757 775 774 
757 774 758 
751 778 776 
751 776 752 
778 751 777 
782 779 781 
781 779 780 
786 784 785 
784 786 783 
784 787 785 
787 784 788 
790 749 789 
749 790 765 
794 791 793 
791 792 793 
796 797 767 
796 767 795 
767 798 768 
798 767 797 
761 800 762 
800 761 799 
790 789 801 
790 801 802 
804 806 803 
806 804 805 
761 771 807 
761 807 799 
809 811 808 
811 809 810 
814 812 813 
812 814 815 
815 816 812 
794 802 817 
802 794 790 
822 818 821 
818 819 821 
819 820 821 
764 825 760 
825 764 823 
824 825 823 
826 760 825 
827 828 829 
829 820 819 
819 827 829 
760 826 830 
772 830 832 
831 832 830 
830 772 760 
833 834 797 
797 834 798 
838 836 837 
836 838 835 
842 840 841 
840 842 839 
843 801 789 
801 843 844 
845 798 834 
798 845 846 
804 803 847 
847 848 804 
850 836 849 
836 850 837 
809 851 852 
809 808 851 
854 840 853 
840 854 841 
819 788 784 
819 818 788 
819 783 827 
783 819 784 
845 813 846 
813 845 814 
855 844 843 
857 855 856 
855 857 844 
793 790 794 
790 793 765 
793 858 766 
766 765 793 
798 779 768 
779 798 846 
782 768 779 
768 782 769 
862 860 861 
860 862 859 
865 863 864 
863 866 867 
866 863 865 
869 870 868 
868 870 871 
873 875 872 
875 873 874 
876 872 875 
878 862 861 
878 861 877 
882 879 881 
879 880 881 
872 884 885 
873 885 883 
885 873 872 
887 870 869 
870 887 886 
864 863 888 
863 890 888 
890 863 889 
894 892 893 
892 894 891 
897 895 896 
895 897 898 
900 897 896 
897 900 899 
877 901 902 
901 877 861 
869 904 903 
904 869 868 
905 869 903 
869 905 887 
879 907 880 
907 879 906 
873 904 874 
904 873 903 
908 909 902 
902 901 908 
913 911 912 
911 913 910 
873 883 905 
873 905 903 
915 917 914 
917 915 916 
920 918 919 
918 920 921 
921 922 918 
924 909 923 
909 924 902 
928 929 925 
925 926 928 
926 927 928 
876 932 872 
932 876 930 
931 932 930 
933 872 932 
936 927 926 
926 934 936 
934 935 936 
884 937 939 
937 938 939 
937 884 872 
872 933 937 
940 941 906 
906 941 907 
943 945 942 
945 943 944 
947 949 946 
949 947 948 
901 951 908 
951 901 950 
941 952 907 
952 953 907 
911 954 955 
911 910 954 
957 943 956 
943 957 944 
915 958 959 
915 914 958 
961 947 960 
947 961 948 
926 900 896 
926 925 900 
926 895 934 
895 926 896 
919 953 920 
920 953 952 
962 951 950 
964 962 963 
962 964 951 
965 902 924 
902 965 877 
965 966 878 
878 877 965 
880 907 953 
880 953 891 
894 881 891 
881 880 891 
x arumajirofoto assets\textures\arumajiro\arumajirofoto.png
b arumajiro arumajiro arumajiro 1
0 1008 arumajirofoto
t temp
{ n RootNode
 { n pCube8 t -0.196548 0.394546 1.858521 r 0.027921 -0.075475 0.656655 s 0.231829 0.612449 0.062678  }
 { n aiSkyDomeLight1  }
 { n arumajiro b arumajiro t -0 0.006432 1 s 0.2 0.2 0.2  }
}
a temp 4
{
 n RootNode 0
 n pCube8 0
 n aiSkyDomeLight1 0
 n arumajiro 0
}
