v monster pntww 568
0.044157 1.29503 0.330003  0.958812 0.178104 0.221268  0.052063 0.117405  6 7 0 0  0.914615 0.085375 0 0 
0.013644 1.329178 0.305555  0.288396 0.919156 -0.26829  0.019869 0.133412  6 7 0 0  0.913587 0.086403 0 0 
-0.000002 1.377154 0.455252  -0.000001 0.566564 0.824018  0.047842 0.146705  6 7 0 0  0.907702 0.092287 0 0 
-0.035728 1.316134 0.314893  -0.762947 0.640922 -0.084442  0.027148 0.169614  6 7 0 0  0.913535 0.086455 0 0 
-0.035728 1.273925 0.345113  -0.788326 -0.300183 0.537059  0.067071 0.171744  6 7 0 0  0.914531 0.085459 0 0 
0.013644 1.260881 0.354452  0.304067 -0.603405 0.737188  0.077575 0.141845  6 7 0 0  0.915197 0.084793 0 0 
0.229281 0.283904 -0.026324  0.99403 0.100331 -0.04288  0.459991 0.979588  16 17 21 0  0.387637 0.085091 0.527272 0 
0.162126 0.29233 -0.156182  0.615775 0.084524 -0.783375  0.583678 0.979588  16 17 21 0  0.41281 0.156163 0.431027 0 
0.15126 0.447311 -0.147396  0.615576 0.10566 -0.780962  0.583678 0.911831  3 16 21 0  0.099448 0.454879 0.445674 0 
0.213913 0.434957 -0.026324  0.99368 0.109319 -0.025474  0.459991 0.911831  3 16 21 0  0.065699 0.42407 0.510231 0 
-0.000001 0.275258 -0.209971  -0.004946 0.06996 -0.997538  0.726068 0.979588  16 17 21 0  0.417953 0.287124 0.294923 0 
-0.000001 0.452428 -0.197545  -0.002003 0.105786 -0.994387  0.726068 0.911831  16 17 21 0  0.462546 0.265783 0.271671 0 
-0.000001 0.301251 0.157323  -0 0.111394 0.993776  0.207994 0.979588  16 17 21 0  0.396252 0.298688 0.30506 0 
0.162126 0.322096 0.103534  0.665379 0.120216 0.736762  0.328194 0.979588  16 17 21 0  0.380738 0.123652 0.49561 0 
0.15126 0.422602 0.094748  0.597461 0.142444 0.789145  0.328194 0.911831  16 17 21 0  0.44615 0.120716 0.433134 0 
-0.000001 0.417485 0.144898  0 0.139621 0.990205  0.207994 0.911831  16 17 21 0  0.460854 0.265636 0.27351 0 
0.145226 0.532998 -0.136766  0.601157 0.268148 -0.752799  0.583678 0.864916  3 16 21 0  0.159108 0.484924 0.355969 0 
0.205382 0.516418 -0.026324  0.958975 0.283304 -0.010334  0.459991 0.864916  3 16 21 0  0.111862 0.46715 0.420988 0 
-0.000001 0.539865 -0.182513  -0 0.359237 -0.933246  0.726068 0.864916  16 17 21 0  0.525365 0.236206 0.238429 0 
0.145226 0.499838 0.084119  0.602947 0.301443 0.738639  0.328194 0.864916  3 16 21 0  0.125943 0.485448 0.388609 0 
-0.000001 0.492971 0.129865  -0 0.338996 0.940788  0.207994 0.864916  16 17 21 0  0.517833 0.238983 0.243184 0 
0.126923 0.540935 -0.133028  0.287224 0.862969 -0.415677  0.586671 0.837436  3 16 21 0  0.221146 0.451438 0.327417 0 
0.178622 0.527418 -0.021903  0.398308 0.901959 0.166798  0.458284 0.837108  3 16 21 0  0.200941 0.449204 0.349855 0 
-0.000001 0.545689 -0.156062  -0.000001 0.975024 -0.222101  0.724033 0.829723  3 16 17 0  0.267394 0.528737 0.203869 0 
0.118593 0.508533 0.081719  0.221006 0.796788 0.562393  0.325067 0.836133  3 16 21 0  0.209252 0.477641 0.313107 0 
-0.000001 0.500872 0.109288  -0.000001 0.92898 0.37013  0.211365 0.829753  3 16 21 0  0.243123 0.556571 0.200305 0 
0.196401 0.014676 0.177756  0.849938 0.282204 0.444933  0.414564 0.208228  22 23 24 0  0.074 0.6135 0.3125 0 
0.192892 -0.001742 0.172231  0.17174 -0.981764 0.081519  0.418681 0.201799  22 23 24 0  0.122689 0.617759 0.259553 0 
0.044312 0.014676 0.177756  -0.991428 -0.080504 0.102907  0.331419 0.25711  22 23 24 0  0.112472 0.6239 0.263628 0 
0.047821 -0.001742 0.172231  -0.147826 -0.989003 0.004561  0.323679 0.257286  22 23 24 0  0.061469 0.596541 0.341989 0 
-0.000001 0.455638 -0.026324  -0.597828 -0.798163 -0.074417  0.25077 0.630175  16 17 21 0  0.374535 0.310646 0.314818 0 
0.229281 0.283904 -0.026324  -0.597828 -0.798163 -0.074417  0.258095 0.678991  16 17 21 0  0.387637 0.085091 0.527272 0 
0.162126 0.29233 -0.156182  -0.155445 -0.704753 0.692213  0.223532 0.670595  16 17 21 0  0.41281 0.156163 0.431027 0 
-0.000001 0.275258 -0.209971  -0.155445 -0.704753 0.692214  0.20357 0.64106  16 17 21 0  0.417953 0.287124 0.294923 0 
-0.000001 0.301251 0.157323  -0.114323 -0.760434 -0.639273  0.300717 0.628084  16 17 21 0  0.396252 0.298688 0.30506 0 
0.162126 0.322096 0.103534  -0.597828 -0.798163 -0.074417  0.289254 0.66184  16 17 21 0  0.380738 0.123652 0.49561 0 
0.175617 -0.001446 -0.027945  0.194478 -0.969698 -0.147862  0.566957 0.11451  22 23 24 0  0.41173 0.571406 0.016865 0 
0.179156 -0.001467 0.018654  0.137449 -0.990401 -0.014595  0.538649 0.115481  22 23 24 0  0.293659 0.620404 0.085937 0 
0.065096 -0.001467 0.018654  -0.128288 -0.991651 -0.013023  0.540138 0.059824  22 23 24 0  0.200063 0.633141 0.166796 0 
0.065096 -0.001446 -0.027946  -0.202063 -0.969898 -0.135903  0.5684 0.06058  22 23 24 0  0.353057 0.60416 0.042782 0 
0.192892 -0.001742 0.172231  0.17174 -0.981764 0.081519  0.445326 0.119691  22 23 24 0  0.122689 0.617759 0.259553 0 
0.047821 -0.001742 0.172231  -0.147826 -0.989003 0.004561  0.447221 0.048901  22 23 24 0  0.061469 0.596541 0.341989 0 
0.120356 -0.001468 -0.05541  -0.003745 -0.926462 -0.37637  0.584336 0.087991  22 23 24 0  0.442942 0.551566 0.005492 0 
0.076794 -0.001733 0.202229  -0.005342 -0.933003 0.359828  0.428649 0.062552  22 23 24 0  0.035112 0.581689 0.3832 0 
0.120356 0.014963 -0.060898  -0.002722 -0.081607 -0.996661  0.182016 0.108548  22 23 24 0  0.458711 0.537959 0.003331 0 
0.062423 0.014986 -0.032104  -0.797846 -0.064804 -0.599369  0.232204 0.134033  22 23 24 0  0.421411 0.565271 0.013319 0 
0.062423 0.057494 -0.031013  -0.792972 0.099864 -0.601018  0.244874 0.116334  22 23 24 0  0.430987 0.546795 0.022218 0 
0.120357 0.051854 -0.060199  0 0.0409 -0.999163  0.192652 0.090493  22 23 24 0  0.470296 0.524641 0.005063 0 
0.062423 0.014964 0.01675  -0.994934 -0.047891 -0.088386  0.265723 0.158617  22 23 24 0  0.297583 0.623487 0.078929 0 
0.062423 0.062631 0.012951  -0.846787 0.526229 0.077685  0.279206 0.141977  22 23 24 0  0.298431 0.605163 0.096406 0 
0.044312 0.014676 0.177756  -0.991428 -0.080504 0.102907  0.336974 0.258723  22 23 24 0  0.112472 0.6239 0.263628 0 
0.076794 0.014685 0.208793  0.026041 -0.049379 0.998441  0.364413 0.263922  22 23 24 0  0.036618 0.602001 0.361381 0 
0.076794 0.044287 0.204968  -0.010416 0.90162 0.432403  0.361229 0.256125  22 23 24 0  0.057064 0.633112 0.309823 0 
0.044312 0.033641 0.17191  -0.645827 0.756187 0.105307  0.334695 0.249303  22 23 24 0  0.086807 0.634946 0.278246 0 
0.196401 0.014676 0.177756  0.849938 0.282204 0.444933  0.414737 0.21077  22 23 24 0  0.074 0.6135 0.3125 0 
0.179824 0.033641 0.17191  0.403806 0.863132 0.303223  0.401897 0.208896  22 23 24 0  0.115964 0.639038 0.244997 0 
0.184468 0.014964 0.01675  0.979394 0.200366 -0.025299  0.365084 0.103143  22 23 24 0  0.246585 0.623314 0.1301 0 
0.17829 0.014986 -0.032104  0.767217 -0.069713 -0.637588  0.360853 0.063873  22 23 24 0  0.397675 0.573184 0.029141 0 
0.17829 0.057494 -0.031013  0.819265 0.172374 -0.546893  0.340209 0.065815  22 23 24 0  0.431216 0.542204 0.02658 0 
0.164974 0.062632 0.012951  0.805894 0.576089 0.136592  0.341192 0.107108  22 23 24 0  0.335003 0.59492 0.070076 0 
0.114755 0.248083 -0.011554  0.001038 0.16138 -0.986892  0.762629 0.825126  21 22 23 0  0.169323 0.758939 0.071738 0 
0.084548 0.244624 0.006494  -0.863664 0.048222 -0.501756  0.801257 0.825126  21 22 23 0  0.258983 0.695949 0.045068 0 
0.081504 0.267627 0.005668  -0.847507 -0.160138 -0.506051  0.801257 0.813028  16 21 22 0  0.063848 0.439184 0.496968 0 
0.114461 0.271516 -0.012802  -0.004191 -0.173303 -0.98486  0.762629 0.813028  16 21 22 0  0.032977 0.365102 0.60192 0 
0.084548 0.231422 0.03746  -0.871773 -0.105339 0.478452  0.832145 0.825126  21 22 23 0  0.240645 0.713676 0.04568 0 
0.081504 0.259009 0.042608  -0.822298 -0.103359 0.559592  0.832145 0.813028  16 21 22 0  0.049201 0.426222 0.524576 0 
0.114756 0.2223 0.055508  0.002802 -0.165961 0.986128  0.866515 0.825126  21 22 23 0  0.23048 0.737865 0.031655 0 
0.114461 0.254278 0.061078  -0.004426 -0.084194 0.99644  0.866515 0.813028  16 21 22 0  0.012471 0.360908 0.626621 0 
0.139156 0.231422 0.03746  0.871002 -0.106171 0.47967  0.905721 0.825126  21 22 23 0  0.244762 0.710226 0.045012 0 
0.141607 0.25817 0.042608  0.829792 -0.087508 0.551169  0.905721 0.813028  16 21 22 0  0.032475 0.437356 0.530169 0 
0.144963 0.244624 0.006494  0.905091 0.040048 -0.423327  0.936896 0.825126  21 22 23 0  0.260545 0.695398 0.044057 0 
0.147414 0.266789 0.005668  0.891125 -0.137052 -0.432566  0.936896 0.813028  16 21 22 0  0.047789 0.447293 0.504919 0 
0.114196 0.2925 -0.018299  -0.000867 -0.16246 -0.986715  0.762629 0.75912  16 21 22 0  0.168105 0.506737 0.325157 0 
0.078778 0.293297 0.000548  -0.882214 -0.099592 -0.460194  0.801257 0.75912  16 21 22 0  0.177832 0.501625 0.320543 0 
0.074519 0.452211 -0.021856  -0.869161 -0.083501 -0.487429  0.801257 0.663613  16 21 22 0  0.357973 0.478596 0.163432 0 
0.116861 0.452265 -0.040704  0.004297 -0.138943 -0.990291  0.762629 0.663613  16 21 22 0  0.373607 0.505277 0.121116 0 
0.078778 0.293297 0.041594  -0.850994 -0.015233 0.524955  0.832145 0.75912  16 21 22 0  0.157004 0.526262 0.316734 0 
0.074519 0.452211 0.039847  -0.8805 -0.018389 0.473688  0.832145 0.663613  16 21 22 0  0.314911 0.504788 0.180301 0 
0.114196 0.2925 0.060442  -0.000279 0.009446 0.999955  0.866515 0.75912  16 21 22 0  0.073061 0.510292 0.416647 0 
0.116861 0.452266 0.058694  0.080023 0.013217 0.996705  0.866515 0.663613  16 21 22 0  0.220758 0.563654 0.215588 0 
0.143801 0.291707 0.041594  0.860733 -0.010231 0.508953  0.905721 0.75912  16 21 22 0  0.111242 0.563983 0.324775 0 
0.146524 0.452298 0.034032  0.904591 0.00277 0.426272  0.905721 0.663613  16 21 22 0  0.2182 0.59728 0.184521 0 
0.149609 0.291707 0.000548  0.915854 -0.094063 -0.390339  0.936896 0.75912  16 21 22 0  0.118029 0.552181 0.32979 0 
0.155207 0.452298 -0.021856  0.913186 -0.08394 -0.398804  0.936896 0.663613  16 21 22 0  0.265979 0.568361 0.16566 0 
0.072081 0.085938 -0.027959  -0.828036 0.247892 -0.502897  0.801257 0.9302  22 23 24 0  0.543182 0.440309 0.016509 0 
0.120356 0.102425 -0.057269  0.014687 0.254952 -0.966842  0.762629 0.9302  22 23 24 0  0.551729 0.444178 0.004093 0 
0.072081 0.085223 0.010861  -0.861528 0.143214 0.487092  0.832145 0.9302  22 23 24 0  0.492885 0.474607 0.032508 0 
0.120356 0.076432 0.057231  0.042291 0.977524 0.206541  0.866515 0.980006  22 23 24 0  0.260906 0.617291 0.121803 0 
0.120356 0.090683 0.044577  0.033045 0.147782 0.988468  0.866515 0.9302  21 22 23 0  0.032378 0.548422 0.4192 0 
0.15947 0.085224 0.010861  0.857393 0.164759 0.487578  0.905721 0.9302  22 23 24 0  0.502558 0.470663 0.026779 0 
0.168631 0.085938 -0.027959  0.873775 0.30431 -0.37936  0.936896 0.9302  22 23 24 0  0.555955 0.432884 0.011161 0 
0.084131 0.180388 -0.008351  -0.862589 0.176788 -0.47401  0.801257 0.870796  21 22 23 0  0.074085 0.718845 0.207069 0 
0.114756 0.186013 -0.028508  -0.014081 0.301736 -0.953287  0.762629 0.870796  21 22 23 0  0.039291 0.715876 0.244832 0 
0.084131 0.169262 0.024958  -0.863552 -0.013846 0.50407  0.832145 0.870796  21 22 23 0  0.094412 0.699271 0.206317 0 
0.114756 0.162564 0.045606  -0.012607 -0.087845 0.996054  0.866515 0.870796  21 22 23 0  0.122061 0.731048 0.146892 0 
0.139001 0.169262 0.024959  0.859214 0.034606 0.510445  0.905721 0.870796  21 22 23 0  0.098056 0.697577 0.204367 0 
0.145381 0.180388 -0.008351  0.897312 0.221351 -0.381883  0.936896 0.870796  21 22 23 0  0.076215 0.721026 0.202758 0 
0.120356 -0.001468 -0.05541  -0.003745 -0.926462 -0.37637  0.179186 0.119757  22 23 24 0  0.442942 0.551566 0.005492 0 
0.065096 -0.001446 -0.027946  -0.202063 -0.969898 -0.135903  0.229417 0.142797  22 23 24 0  0.353057 0.60416 0.042782 0 
0.065096 -0.001467 0.018654  -0.128288 -0.991651 -0.013023  0.26174 0.164625  22 23 24 0  0.200063 0.633141 0.166796 0 
0.179156 -0.001467 0.018654  0.137449 -0.990401 -0.014595  0.372596 0.102357  22 23 24 0  0.293659 0.620404 0.085937 0 
0.175617 -0.001446 -0.027945  0.194478 -0.969698 -0.147862  0.369447 0.065561  22 23 24 0  0.41173 0.571406 0.016865 0 
0.047821 -0.001742 0.172231  -0.147826 -0.989003 0.004561  0.335228 0.266527  22 23 24 0  0.061469 0.596541 0.341989 0 
0.076794 -0.001733 0.202229  -0.005342 -0.933003 0.359828  0.36562 0.268999  22 23 24 0  0.035112 0.581689 0.3832 0 
0.192892 -0.001742 0.172231  0.17174 -0.981764 0.081519  0.419817 0.217189  22 23 24 0  0.122689 0.617759 0.259553 0 
0.062423 0.057494 -0.031013  -0.792972 0.099864 -0.601018  0.801257 0.980006  22 23 24 0  0.430987 0.546795 0.022218 0 
0.120357 0.051854 -0.060199  0 0.0409 -0.999163  0.762629 0.980006  22 23 24 0  0.470296 0.524641 0.005063 0 
0.062423 0.062631 0.012951  -0.846787 0.526229 0.077685  0.832145 0.980006  22 23 24 0  0.298431 0.605163 0.096406 0 
0.17829 0.057494 -0.031013  0.819265 0.172374 -0.546893  0.936896 0.980006  22 23 24 0  0.431216 0.542204 0.02658 0 
0.164974 0.062632 0.012951  0.805894 0.576089 0.136592  0.905721 0.980006  22 23 24 0  0.335003 0.59492 0.070076 0 
0.120356 0.076432 0.057231  0.042291 0.977524 0.206541  0.329484 0.150315  22 23 24 0  0.260906 0.617291 0.121803 0 
0.120356 0.014963 -0.060898  -0.002722 -0.081607 -0.996661  0.364165 0.010366  22 23 24 0  0.458711 0.537959 0.003331 0 
0.120357 0.051854 -0.060199  0 0.0409 -0.999163  0.344177 0.010391  22 23 24 0  0.470296 0.524641 0.005063 0 
0.120356 -0.001468 -0.05541  -0.003745 -0.926462 -0.37637  0.374726 0.01346  22 23 24 0  0.442942 0.551566 0.005492 0 
0.114755 0.248083 -0.011554  0.001038 0.16138 -0.986892  0.985054 0.825126  21 22 23 0  0.169323 0.758939 0.071738 0 
0.116861 0.452265 -0.040704  0.004297 -0.138943 -0.990291  0.985054 0.663613  16 21 22 0  0.373607 0.505277 0.121116 0 
0.120356 0.102425 -0.057269  0.014687 0.254952 -0.966842  0.985054 0.9302  22 23 24 0  0.551729 0.444178 0.004093 0 
0.114756 0.186013 -0.028508  -0.014081 0.301736 -0.953287  0.985054 0.870796  21 22 23 0  0.039291 0.715876 0.244832 0 
0.120357 0.051854 -0.060199  0 0.0409 -0.999163  0.985054 0.980006  22 23 24 0  0.470296 0.524641 0.005063 0 
0.114461 0.271516 -0.012802  -0.004191 -0.173303 -0.98486  0.985054 0.813028  16 21 22 0  0.032977 0.365102 0.60192 0 
0.114196 0.2925 -0.018299  -0.000867 -0.16246 -0.986715  0.985054 0.75912  16 21 22 0  0.168105 0.506737 0.325157 0 
0.483424 0.703694 0.01539  -0.128437 -0.947292 0.2935  0.545478 0.385439  8 9 0 0  0.080788 0.919211 0 0 
0.483424 0.709715 -0.049831  -0.193974 -0.7564 -0.624687  0.513369 0.378018  8 9 0 0  0.095936 0.90406 0 0 
0.569199 0.674888 -0.015486  -0.103193 -0.994645 -0.005721  0.544034 0.33198  8 9 0 0  0.017675 0.982323 0 0 
0.483424 0.782972 -0.084617  -0.269494 0.304668 -0.913538  0.472806 0.374742  8 9 0 0  0.102033 0.89796 0 0 
0.483424 0.81213 0.036881  -0.168149 0.68379 0.71004  0.40577 0.38625  8 9 0 0  0.123316 0.87668 0 0 
0.554806 0.817555 0.039281  -0.197682 0.460067 0.865598  0.395664 0.352072  8 9 0 0  0.024246 0.975751 0 0 
0.483424 0.741669 0.059487  -0.072024 -0.140229 0.987496  0.37143 0.398795  8 9 0 0  0.088166 0.911832 0 0 
0.554806 0.716742 0.05546  0.085253 -0.386274 0.918436  0.349876 0.369917  8 9 0 0  0.018747 0.981252 0 0 
0.62833 0.674888 -0.028327  0.45888 -0.708963 0.535538  0.538627 0.295123  8 9 0 0  0.002065 0.997929 0 0 
0.62833 0.859409 -0.028327  0.533363 0.783371 0.319145  0.421185 0.302825  8 9 0 0  0.002217 0.997777 0 0 
0.601184 0.817555 0.041249  0.719368 -0.217637 0.659654  0.386897 0.330089  8 9 0 0  0.002089 0.997906 0 0 
0.601184 0.716742 0.041249  0.76848 -0.179761 0.614104  0.33958 0.349282  8 9 0 0  0.0031 0.996897 0 0 
0.647752 0.704702 0.049653  -0.303537 -0.184164 -0.934852  0.526709 0.174567  8 9 0 0  0.004375 0.995473 0 0 
0.647159 0.746556 0.070565  -0.550089 -0.205103 0.809528  0.497506 0.166323  8 9 0 0  0.004301 0.99555 0 0 
0.647159 0.790607 0.070565  -0.263961 0.204354 0.942637  0.462574 0.169011  8 9 0 0  0.004134 0.995722 0 0 
0.647752 0.824329 0.049653  -0.372669 0.401363 -0.836676  0.436196 0.179911  8 9 0 0  0.004346 0.995502 0 0 
0.62833 0.716742 -0.10082  -0.002722 -0.469508 -0.882924  0.499843 0.306  8 9 0 0  0.002451 0.997544 0 0 
0.711819 0.722522 -0.091543  0.506784 -0.402526 -0.762327  0.497483 0.277054  9 0 0 0  0.999224 0 0 0 
0.695885 0.680669 -0.022938  0.003526 -0.736999 0.675885  0.533458 0.259411  9 0 0 0  0.999002 0 0 0 
0.62833 0.806758 -0.10082  -0.032171 0.453104 -0.890877  0.459445 0.306501  8 9 0 0  0.002791 0.997204 0 0 
0.711819 0.8056 -0.091543  0.514954 0.401441 -0.757409  0.462202 0.274706  9 0 0 0  0.999229 0 0 0 
0.695885 0.839548 -0.022939  0.007739 0.623988 0.781395  0.427417 0.263502  8 9 0 0  0.001043 0.998935 0 0 
0.771459 0.733848 -0.002397  0.945761 -0.314137 -0.082792  0.496003 0.236338  8 9 0 0  0.001657 0.998298 0 0 
0.721037 0.680669 0.003422  -0.624994 -0.739658 0.249575  0.532009 0.234592  8 9 0 0  0.001916 0.998031 0 0 
0.771459 0.797694 -0.002397  0.934709 0.337326 -0.11194  0.467131 0.233904  8 9 0 0  0.001403 0.998561 0 0 
0.721037 0.839547 0.003422  -0.672198 0.684268 0.282713  0.43359 0.237742  8 9 0 0  0.00225 0.997684 0 0 
0.731432 0.722523 0.07639  0.471331 -0.340382 0.813626  0.504895 0.203876  8 9 0 0  0.003076 0.996826 0 0 
0.70897 0.680669 0.040022  -0.666489 -0.471915 -0.577138  0.53119 0.209968  8 9 0 0  0.003357 0.996535 0 0 
0.731432 0.797694 0.07639  0.486231 0.268453 0.831572  0.468688 0.201573  8 9 0 0  0.002979 0.996924 0 0 
0.70897 0.839547 0.040022  -0.60938 0.511637 -0.60571  0.437158 0.212157  8 9 0 0  0.003616 0.996263 0 0 
0.637794 0.904505 0.095197  -0.503155 0.651957 0.567264  0.96356 0.615349  8 9 0 0  0.001619 0.998365 0 0 
0.643479 0.872442 0.095698  0.385932 -0.513609 0.766331  0.948768 0.614349  8 9 0 0  0.001569 0.998414 0 0 
0.670057 0.895769 0.058314  0.981107 -0.174722 -0.083071  0.989339 0.608211  8 9 0 0  0.0015 0.998484 0 0 
0.651335 0.915817 0.073351  0.042374 0.999079 -0.006787  0.976001 0.613058  8 9 0 0  0.001626 0.998357 0 0 
0.64658 0.875312 0.009567  0.875299 -0.044704 -0.481511  0.990672 0.582006  8 9 0 0  0.001093 0.998897 0 0 
0.619682 0.841561 0.065064  0.531596 -0.782912 0.323194  0.936508 0.595396  8 9 0 0  0.001105 0.998884 0 0 
0.604711 0.881353 0.027846  -0.501943 0.856126 -0.122885  0.969663 0.579888  8 9 0 0  0.003554 0.996436 0 0 
0.591514 0.858312 0.068363  -0.786759 0.328136 0.522816  0.948766 0.587062  8 9 0 0  0.00241 0.997581 0 0 
0.087103 0.747612 -0.000994  -1 -0.000002 -0  0.037286 0.031115  4 8 9 0  0.628682 0.366208 0.00511 0 
0.100121 0.772703 -0.01548  -0.250772 0.859218 -0.445934  0.469867 0.57303  4 8 9 0  0.498422 0.483911 0.017666 0 
0.100121 0.747612 -0.029966  -0.274267 0.01499 -0.961537  0.485925 0.570825  4 8 9 0  0.539549 0.438948 0.021503 0 
0.100121 0.772703 0.013492  -0.254177 0.8338 0.490073  0.033874 0.045529  4 8 9 0  0.483765 0.500576 0.015659 0 
0.100121 0.747612 0.027979  -0.266814 -0.015058 0.96363  0.023593 0.036763  4 8 9 0  0.510701 0.471496 0.017803 0 
0.100121 0.722522 0.013493  -0.247397 -0.859003 0.448228  0.024705 0.023298  4 8 9 0  0.551747 0.426906 0.021347 0 
0.100121 0.722521 -0.01548  -0.257937 -0.834069 -0.487645  0.044807 0.018355  4 8 9 0  0.565938 0.411011 0.023051 0 
0.200951 0.779643 -0.023741  -0.092748 0.887909 -0.450573  0.464748 0.521471  4 8 9 0  0.257247 0.651282 0.091472 0 
0.200951 0.747612 -0.042234  -0.108706 0.02167 -0.993838  0.485676 0.518938  4 8 9 0  0.28861 0.610766 0.100624 0 
0.200951 0.779643 0.020794  -0.098106 0.882357 0.460241  0.440416 0.527457  4 8 9 0  0.229639 0.687766 0.082595 0 
0.200951 0.747612 0.039287  -0.109865 -0.036159 0.993289  0.422406 0.5329  4 8 9 0  0.235401 0.679576 0.085023 0 
0.200951 0.715582 0.020794  -0.090457 -0.894154 0.438528  0.4051 0.540301  4 8 9 0  0.268576 0.635989 0.095434 0 
0.200951 0.715582 -0.023741  -0.096631 -0.876683 -0.471263  0.504303 0.520013  4 8 9 0  0.294361 0.603381 0.102258 0 
0.314878 0.788522 -0.028165  -0.179256 0.866058 -0.466702  0.457382 0.464224  4 8 9 0  0.06722 0.661424 0.271356 0 
0.315262 0.747627 -0.054679  -0.1752 0.007625 -0.984503  0.485975 0.46064  4 8 9 0  0.073342 0.642096 0.284562 0 
0.309104 0.788519 0.02486  -0.108438 0.896982 0.428561  0.427378 0.473998  4 8 9 0  0.057604 0.687087 0.255309 0 
0.298372 0.747627 0.05137  -0.060333 -0.004998 0.998166  0.405904 0.486517  4 8 9 0  0.054794 0.691404 0.253802 0 
0.309104 0.706734 0.02486  -0.066054 -0.899778 0.43132  0.381326 0.49031  4 8 9 0  0.060329 0.663871 0.2758 0 
0.314878 0.706732 -0.028165  -0.143909 -0.879469 -0.45368  0.510624 0.462549  4 8 9 0  0.069939 0.641183 0.288878 0 
0.375108 0.755198 -0.061366  -0.092903 0.060237 -0.993851  0.482589 0.430649  8 9 0 0  0.310979 0.688994 0 0 
0.375491 0.795611 -0.031894  -0.093084 0.899175 -0.427575  0.453131 0.433589  8 9 0 0  0.311191 0.688794 0 0 
0.382948 0.795613 0.027053  -0.1267 0.831346 0.54112  0.418098 0.436619  8 9 0 0  0.281805 0.718188 0 0 
0.393696 0.747744 0.056528  -0.02675 -0.046136 0.998577  0.389006 0.440038  8 9 0 0  0.24891 0.751084 0 0 
0.383 0.702297 0.027054  0.03338 -0.892396 0.450017  0.365918 0.455502  8 9 0 0  0.258002 0.741984 0 0 
0.375491 0.699877 -0.031894  0.026632 -0.864977 -0.501104  0.513801 0.433465  8 9 0 0  0.289753 0.710221 0 0 
0.34592 0.79865 -0.038611  -0.140407 0.850914 -0.506193  0.456919 0.447617  4 8 9 0  0.007004 0.517834 0.475162 0 
0.345913 0.749711 -0.066188  -0.096896 -0.030254 -0.994834  0.484813 0.445034  4 8 9 0  0.008422 0.505717 0.485861 0 
0.345969 0.79865 0.019642  -0.087829 0.888953 0.449498  0.426143 0.454413  4 8 9 0  0.005914 0.515346 0.47874 0 
0.345959 0.747658 0.04722  -0.052849 0.005116 0.998589  0.397537 0.46365  4 8 9 0  0.006207 0.492041 0.501752 0 
0.345981 0.703463 0.019643  -0.083816 -0.879216 0.468993  0.37218 0.47371  4 8 9 0  0.007568 0.474679 0.517753 0 
0.34592 0.699466 -0.038611  -0.096655 -0.860733 -0.499797  0.510064 0.446833  4 8 9 0  0.008665 0.485521 0.505814 0 
0.62833 0.674888 -0.028327  0.45888 -0.708963 0.535538  0.892803 0.515316  8 9 0 0  0.002065 0.997929 0 0 
0.62833 0.859409 -0.028327  0.533363 0.783371 0.319145  0.893117 0.59975  8 9 0 0  0.002217 0.997777 0 0 
0.601184 0.817555 0.041249  0.719368 -0.217637 0.659654  0.927208 0.580487  8 9 0 0  0.002089 0.997906 0 0 
0.601184 0.716742 0.041249  0.76848 -0.179761 0.614104  0.927048 0.534349  8 9 0 0  0.0031 0.996897 0 0 
0.647752 0.704702 0.049653  -0.303537 -0.184164 -0.934852  0.799145 0.529293  8 9 0 0  0.004375 0.995473 0 0 
0.647159 0.746556 0.070565  -0.550089 -0.205103 0.809528  0.789635 0.548488  8 9 0 0  0.004301 0.99555 0 0 
0.647159 0.790607 0.070565  -0.263961 0.204354 0.942637  0.789704 0.568656  8 9 0 0  0.004134 0.995722 0 0 
0.647752 0.824329 0.049653  -0.372669 0.401363 -0.836676  0.799345 0.584059  8 9 0 0  0.004346 0.995502 0 0 
0.695885 0.680669 -0.022938  0.003526 -0.736999 0.675885  0.861797 0.51807  9 0 0 0  0.999002 0 0 0 
0.695885 0.839548 -0.022939  0.007739 0.623988 0.781395  0.862067 0.590783  8 9 0 0  0.001043 0.998935 0 0 
0.721037 0.680669 0.003422  -0.624994 -0.739658 0.249575  0.845119 0.518127  8 9 0 0  0.001916 0.998031 0 0 
0.721037 0.839547 0.003422  -0.672198 0.684268 0.282713  0.845388 0.59085  8 9 0 0  0.00225 0.997684 0 0 
0.70897 0.680669 0.040022  -0.666489 -0.471915 -0.577138  0.827477 0.518189  8 9 0 0  0.003357 0.996535 0 0 
0.70897 0.839547 0.040022  -0.60938 0.511637 -0.60571  0.827744 0.590919  8 9 0 0  0.003616 0.996263 0 0 
0.637794 0.904505 0.095197  -0.503155 0.651957 0.567264  0.952882 0.628639  8 9 0 0  0.001619 0.998365 0 0 
0.670057 0.895769 0.058314  0.981107 -0.174722 -0.083071  0.930123 0.628651  8 9 0 0  0.0015 0.998484 0 0 
0.651335 0.915817 0.073351  0.042374 0.999079 -0.006787  0.942376 0.635993  8 9 0 0  0.001626 0.998357 0 0 
0.64658 0.875312 0.009567  0.875299 -0.044704 -0.481511  0.909331 0.61239  8 9 0 0  0.001093 0.998897 0 0 
0.483424 0.703694 0.01539  -0.128437 -0.947292 0.2935  0.34417 0.409182  8 9 0 0  0.080788 0.919211 0 0 
0.569199 0.674888 -0.015486  -0.103193 -0.994645 -0.005721  0.310513 0.375954  8 9 0 0  0.017675 0.982323 0 0 
0.62833 0.674888 -0.028327  0.45888 -0.708963 0.535538  0.295958 0.348772  8 9 0 0  0.002065 0.997929 0 0 
0.200951 0.715582 0.020794  -0.090457 -0.894154 0.438528  0.52652 0.523339  4 8 9 0  0.268576 0.635989 0.095434 0 
0.309104 0.706734 0.02486  -0.066054 -0.899778 0.43132  0.536304 0.469729  4 8 9 0  0.060329 0.663871 0.2758 0 
0.383 0.702297 0.027054  0.03338 -0.892396 0.450017  0.542689 0.434606  8 9 0 0  0.258002 0.741984 0 0 
0.345981 0.703463 0.019643  -0.083816 -0.879216 0.468993  0.536659 0.451578  4 8 9 0  0.007568 0.474679 0.517753 0 
0.100121 0.722522 0.013493  -0.247397 -0.859003 0.448228  0.03132 0.017558  4 8 9 0  0.551747 0.426906 0.021347 0 
0.100121 0.772703 0.013492  -0.254177 0.8338 0.490073  0.454207 0.577062  4 8 9 0  0.483765 0.500576 0.015659 0 
0.100121 0.747612 0.027979  -0.266814 -0.015058 0.96363  0.440106 0.58135  4 8 9 0  0.510701 0.471496 0.017803 0 
0.100121 0.722522 0.013493  -0.247397 -0.859003 0.448228  0.426565 0.587174  4 8 9 0  0.551747 0.426906 0.021347 0 
0.100121 0.722521 -0.01548  -0.257937 -0.834069 -0.487645  0.500697 0.571502  4 8 9 0  0.565938 0.411011 0.023051 0 
0.100121 0.722522 0.013493  -0.247397 -0.859003 0.448228  0.515284 0.573645  4 8 9 0  0.551747 0.426906 0.021347 0 
0.569199 0.859409 -0.015486  -0.336727 0.911643 -0.235633  0.967494 0.552387  8 9 0 0  0.026274 0.973721 0 0 
0.554806 0.817555 0.039281  -0.197682 0.460067 0.865598  0.936839 0.561712  8 9 0 0  0.024246 0.975751 0 0 
0.62833 0.859409 -0.028327  0.533363 0.783371 0.319145  0.993288 0.561912  8 9 0 0  0.002217 0.997777 0 0 
0.483424 0.829523 -0.019893  -0.30017 0.93464 -0.190646  0.434535 0.378959  8 9 0 0  0.118987 0.881007 0 0 
0.100121 0.772703 -0.01548  -0.250772 0.859218 -0.445934  0.046994 0.042303  4 8 9 0  0.498422 0.483911 0.017666 0 
0.100121 0.747612 -0.029966  -0.274267 0.01499 -0.961537  0.052037 0.029769  4 8 9 0  0.539549 0.438948 0.021503 0 
0.569199 0.716742 -0.087979  -0.186676 -0.508666 -0.840483  0.503192 0.328757  8 9 0 0  0.020504 0.979492 0 0 
0.569199 0.80155 -0.087979  -0.171567 0.476122 -0.86248  0.461082 0.332449  8 9 0 0  0.017817 0.982178 0 0 
0.569199 0.859409 -0.015486  -0.336727 0.911643 -0.235633  0.417498 0.334507  8 9 0 0  0.026274 0.973721 0 0 
0.109497 0.846576 0.329878  0.270662 -0.962668 0.003506  0.657886 0.370859  4 5 6 0  0.110415 0.619416 0.270169 0 
0.158398 0.867137 0.335214  0.653899 -0.400942 0.641609  0.669722 0.347312  4 5 6 0  0.069096 0.547244 0.38366 0 
-0.000001 0.847077 0.381545  0 0.056373 0.99841  0.586699 0.396486  4 5 6 0  0.083117 0.563327 0.353556 0 
-0.000002 0.825814 0.371722  0 -0.998649 0.051966  0.600357 0.41952  4 5 6 0  0.114232 0.612913 0.272855 0 
0.109497 1.279012 0.308146  0.613403 0.62326 0.485061  0.686654 0.107752  5 6 7 0  0.133244 0.813699 0.053057 0 
-0.000002 1.319292 0.34999  -0.000001 0.769561 0.638573  0.63963 0.045963  5 6 7 0  0.080669 0.848963 0.070368 0 
-0.000002 1.183481 0.403688  -0 0.015665 0.999877  0.579512 0.132082  5 6 7 0  0.12104 0.827837 0.051122 0 
0.142246 1.192441 0.342137  0.73445 0.135034 0.665094  0.669904 0.158433  5 6 7 0  0.224684 0.744953 0.030362 0 
0.109498 0.858176 0.076193  0.378401 -0.919594 -0.105639  0.817469 0.400813  4 5 6 0  0.221673 0.66076 0.117567 0 
-0.000001 0.827254 0.055687  0.000001 -0.997636 -0.068718  0.843874 0.48198  4 5 6 0  0.27758 0.66016 0.062261 0 
-0.000002 0.853642 -0.029439  0 -0.460678 -0.887567  0.908024 0.467354  4 5 6 0  0.248474 0.656779 0.094747 0 
0.175295 0.904678 0.012565  0.628046 -0.411437 -0.660513  0.859591 0.337801  4 5 6 0  0.160115 0.628948 0.210937 0 
0.109497 1.279012 0.034304  0.608766 0.652783 -0.450863  0.841197 0.111081  5 6 7 0  0.339814 0.634688 0.025499 0 
0.142246 1.182167 -0.023218  0.69459 0.334936 -0.636681  0.869224 0.170791  4 5 6 0  0.042857 0.505948 0.451195 0 
-0.000002 1.188223 -0.087174  -0.000001 0.256313 -0.966594  0.956744 0.133436  4 5 6 0  0.034343 0.484039 0.481618 0 
-0.000002 1.319292 -0.00754  -0.000001 0.807284 -0.590163  0.888979 0.049472  5 6 7 0  0.338634 0.633679 0.027688 0 
-0.000002 0.843269 0.186919  0.000001 -0.999647 -0.026584  0.722703 0.470269  4 5 6 0  0.184236 0.669109 0.146655 0 
0.147822 0.865474 0.182012  0.458235 -0.888289 -0.031032  0.74849 0.371202  4 5 6 0  0.15635 0.667525 0.176125 0 
0.1909 1.18234 0.157348  0.96718 0.254092 0.000573  0.768738 0.176375  5 6 7 0  0.305051 0.669095 0.025854 0 
0.147821 1.319292 0.173009  0.700491 0.713537 0.013323  0.762652 0.102521  5 6 7 0  0.202862 0.75636 0.040778 0 
0.235202 0.947907 0.150657  0.982313 -0.186978 -0.01001  0.770391 0.306326  4 5 6 0  0.111825 0.599029 0.289145 0 
-0.000002 1.371081 0.173009  -0.000001 1 -0.000576  0.764286 0.00871  5 6 7 0  0.182145 0.767087 0.050768 0 
0.175295 0.948641 0.319216  0.78049 -0.034391 0.624222  0.675705 0.303863  4 5 6 0  0.041492 0.476231 0.482277 0 
0.17174 1.015005 0.329367  0.72947 0.209075 0.651276  0.671082 0.267394  4 5 6 0  0.016719 0.372104 0.611177 0 
-0.000002 0.976917 0.413355  -0 -0.012081 0.999927  0.55315 0.289285  4 5 6 0  0.019786 0.386949 0.593264 0 
-0.000002 0.93579 0.366091  0 -0.27519 0.96139  0.568623 0.334418  4 5 6 0  0.04632 0.485246 0.468434 0 
-0.000002 1.064184 -0.08281  0 -0.143742 -0.989615  0.978104 0.217198  4 5 6 0  0.116556 0.626034 0.25741 0 
0.171293 1.068621 -0.02901  0.695545 -0.007142 -0.718447  0.870993 0.235143  4 5 6 0  0.08742 0.601735 0.310844 0 
0.215128 1.052442 0.134242  0.989936 0.133747 -0.04625  0.777963 0.249916  4 5 6 0  0.04812 0.464945 0.486935 0 
-0.000002 1.054877 0.36693  -0 0.100227 0.994965  0.568127 0.226116  5 6 7 0  0.252947 0.726135 0.020918 0 
0.151244 1.066868 0.30529  0.761537 0.08355 0.642714  0.674682 0.233582  5 6 7 0  0.31208 0.672676 0.015244 0 
-0.000001 0.827254 0.055687  0.000001 -0.997636 -0.068718  0.820474 0.487594  4 5 6 0  0.27758 0.66016 0.062261 0 
-0.000002 0.853642 -0.029439  0 -0.460678 -0.887567  0.981412 0.360915  4 5 6 0  0.248474 0.656779 0.094747 0 
-0.229283 0.306025 -0.026324  -0.991166 0.110321 -0.073614  0.459991 0.979588  16 17 21 0  0.390886 0.521737 0.087377 0 
-0.162128 0.286568 -0.156182  -0.597122 0.08176 -0.797972  0.583678 0.979588  16 17 21 0  0.415729 0.423323 0.160948 0 
-0.151261 0.44731 -0.147396  -0.605432 0.10539 -0.788888  0.583678 0.911831  3 16 17 0  0.09655 0.459258 0.444192 0 
-0.213916 0.434956 -0.026324  -0.992789 0.119342 -0.011266  0.459991 0.911831  3 16 17 0  0.062969 0.427192 0.509839 0 
-0.000001 0.275258 -0.209971  -0.004946 0.06996 -0.997538  0.726068 0.979588  16 17 21 0  0.417953 0.287124 0.294923 0 
-0.000001 0.452428 -0.197545  -0.002003 0.105786 -0.994387  0.726068 0.911831  16 17 21 0  0.462546 0.265783 0.271671 0 
-0.000001 0.301251 0.157323  -0 0.111394 0.993776  0.207994 0.979588  16 17 21 0  0.396252 0.298688 0.30506 0 
-0.162128 0.322096 0.103534  -0.631081 0.126547 0.765325  0.328194 0.979588  16 17 21 0  0.381599 0.490535 0.127866 0 
-0.151262 0.422602 0.094748  -0.59746 0.142443 0.789146  0.328194 0.911831  16 17 21 0  0.445794 0.427939 0.126266 0 
-0.000001 0.417485 0.144898  0 0.139621 0.990205  0.207994 0.911831  16 17 21 0  0.460854 0.265636 0.27351 0 
-0.145229 0.532997 -0.136766  -0.601159 0.268145 -0.752799  0.583678 0.864916  3 16 17 0  0.1535 0.489226 0.357273 0 
-0.205384 0.516418 -0.026324  -0.958975 0.283302 -0.010334  0.459991 0.864916  3 16 17 0  0.104513 0.472345 0.423142 0 
-0.000001 0.539865 -0.182513  -0 0.359237 -0.933246  0.726068 0.864916  16 17 21 0  0.525365 0.236206 0.238429 0 
-0.145229 0.499838 0.084119  -0.602947 0.301441 0.738639  0.328194 0.864916  3 16 17 0  0.122522 0.488475 0.389002 0 
-0.000001 0.492971 0.129865  -0 0.338996 0.940788  0.207994 0.864916  16 17 21 0  0.517833 0.238983 0.243184 0 
-0.126926 0.540935 -0.133028  -0.287225 0.862966 -0.415682  0.586726 0.83679  4 16 17 0  0.221584 0.451573 0.326843 0 
-0.178624 0.527418 -0.021903  -0.39831 0.901957 0.1668  0.458436 0.837495  3 16 17 0  0.185038 0.459672 0.35529 0 
-0.000001 0.545689 -0.156062  -0.000001 0.975024 -0.222101  0.723732 0.828876  3 16 17 0  0.267394 0.528737 0.203869 0 
-0.118595 0.508533 0.081719  -0.221005 0.796795 0.562383  0.325067 0.836133  3 16 17 0  0.200917 0.483327 0.315756 0 
-0.000001 0.500872 0.109288  -0.000001 0.92898 0.37013  0.211365 0.829753  3 16 21 0  0.243123 0.556571 0.200305 0 
-0.120358 0.014963 -0.060897  0.002717 -0.081609 -0.996661  0.180623 0.109306  18 19 20 0  0.458711 0.537959 0.003331 0 
-0.062424 0.014986 -0.032104  0.797847 -0.064804 -0.599367  0.230811 0.13479  18 19 20 0  0.421411 0.565271 0.013319 0 
-0.062424 0.057494 -0.031013  0.792972 0.099868 -0.601017  0.243482 0.117091  18 19 20 0  0.430987 0.546795 0.022218 0 
-0.120358 0.051853 -0.060199  0.000002 0.040901 -0.999163  0.191259 0.09125  18 19 20 0  0.470296 0.524641 0.005063 0 
-0.062424 0.014964 0.01675  0.994935 -0.04789 -0.088385  0.26433 0.159374  18 19 20 0  0.297583 0.623487 0.078929 0 
-0.062424 0.062632 0.012951  0.846785 0.526232 0.077685  0.277814 0.142734  18 19 20 0  0.298431 0.605163 0.096406 0 
-0.044313 0.014676 0.177756  0.991428 -0.080506 0.102906  0.335581 0.25948  18 19 20 0  0.112472 0.6239 0.263628 0 
-0.076795 0.014685 0.208793  -0.026039 -0.049377 0.998441  0.36302 0.264679  18 19 20 0  0.036618 0.602001 0.361381 0 
-0.076795 0.044287 0.204967  0.010414 0.90162 0.432404  0.359836 0.256882  18 19 20 0  0.057064 0.633112 0.309823 0 
-0.044313 0.033641 0.17191  0.645826 0.756187 0.105307  0.333302 0.25006  18 19 20 0  0.086807 0.634946 0.278246 0 
-0.196402 0.014676 0.177756  -0.849937 0.282204 0.444935  0.413344 0.211527  18 19 20 0  0.074 0.6135 0.3125 0 
-0.179825 0.033641 0.17191  -0.403807 0.863131 0.303223  0.400505 0.209653  18 19 20 0  0.115964 0.639039 0.244997 0 
-0.18447 0.014964 0.01675  -0.979396 0.200359 -0.025299  0.363692 0.1039  18 19 20 0  0.246585 0.623315 0.1301 0 
-0.178291 0.014986 -0.032104  -0.767214 -0.069717 -0.637591  0.359461 0.06463  18 19 20 0  0.397675 0.573184 0.02914 0 
-0.178291 0.057494 -0.031013  -0.819263 0.172371 -0.546897  0.338816 0.066572  18 19 20 0  0.431216 0.542204 0.026579 0 
-0.164976 0.062631 0.012951  -0.805895 0.576087 0.136593  0.3398 0.107865  18 19 20 0  0.335003 0.59492 0.070076 0 
-0.120358 0.014963 -0.060897  0.002717 -0.081609 -0.996661  0.362773 0.011123  18 19 20 0  0.458711 0.537959 0.003331 0 
-0.120358 0.051853 -0.060199  0.000002 0.040901 -0.999163  0.342784 0.011149  18 19 20 0  0.470296 0.524641 0.005063 0 
-0.114757 0.248083 -0.011554  -0.001039 0.161377 -0.986892  0.762629 0.825126  17 18 19 0  0.169324 0.758938 0.071738 0 
-0.08455 0.244624 0.006494  0.863661 0.048225 -0.50176  0.801257 0.825126  17 18 19 0  0.258984 0.695947 0.045068 0 
-0.081506 0.267627 0.005668  0.847508 -0.160135 -0.506049  0.801257 0.813028  16 17 18 0  0.063881 0.439173 0.496945 0 
-0.114462 0.271516 -0.012802  0.004192 -0.173306 -0.984859  0.762629 0.813028  16 17 18 0  0.032984 0.365102 0.601914 0 
-0.08455 0.231422 0.03746  0.871774 -0.105334 0.47845  0.832145 0.825126  17 18 19 0  0.240646 0.713674 0.04568 0 
-0.081506 0.259008 0.042608  0.822298 -0.103358 0.559591  0.832145 0.813028  16 17 18 0  0.049244 0.426211 0.524545 0 
-0.114757 0.2223 0.055508  -0.002802 -0.16596 0.986129  0.866515 0.825126  17 18 19 0  0.230481 0.737864 0.031655 0 
-0.114462 0.254278 0.061078  0.004427 -0.084194 0.99644  0.866515 0.813028  16 17 18 0  0.012479 0.360908 0.626613 0 
-0.139157 0.231422 0.03746  -0.871002 -0.106173 0.47967  0.905721 0.825126  17 18 19 0  0.244763 0.710225 0.045012 0 
-0.141608 0.25817 0.042608  -0.829791 -0.087509 0.55117  0.905721 0.813028  16 17 18 0  0.032483 0.437356 0.530161 0 
-0.144965 0.244624 0.006494  -0.905093 0.040044 -0.423323  0.936896 0.825126  17 18 19 0  0.260546 0.695397 0.044057 0 
-0.147416 0.266788 0.005668  -0.891126 -0.137054 -0.432563  0.936896 0.813028  16 17 18 0  0.047794 0.447292 0.504914 0 
-0.114757 0.248083 -0.011554  -0.001039 0.161377 -0.986892  0.985054 0.825126  17 18 19 0  0.169324 0.758938 0.071738 0 
-0.114462 0.271516 -0.012802  0.004192 -0.173306 -0.984859  0.985054 0.813028  16 17 18 0  0.032984 0.365102 0.601914 0 
-0.114198 0.292499 -0.018299  0.000867 -0.16246 -0.986715  0.762629 0.75912  16 17 18 0  0.168145 0.506719 0.325136 0 
-0.07878 0.293297 0.000548  0.882213 -0.099591 -0.460197  0.801257 0.75912  16 17 18 0  0.177934 0.501576 0.32049 0 
-0.074521 0.452211 -0.021856  0.869161 -0.0835 -0.487428  0.801257 0.663613  16 17 18 0  0.35808 0.478529 0.163391 0 
-0.116863 0.452265 -0.040704  -0.004297 -0.138943 -0.990291  0.762629 0.663613  16 17 18 0  0.373659 0.505241 0.1211 0 
-0.07878 0.293297 0.041594  0.850996 -0.015232 0.524951  0.832145 0.75912  16 17 18 0  0.157123 0.526204 0.316673 0 
-0.074521 0.452211 0.039847  0.880501 -0.018389 0.473687  0.832145 0.663613  16 17 18 0  0.315065 0.504693 0.180242 0 
-0.114198 0.292499 0.060442  0.000279 0.009446 0.999955  0.866515 0.75912  16 17 18 0  0.073112 0.510273 0.416614 0 
-0.116863 0.452265 0.058694  -0.080023 0.013216 0.996705  0.866515 0.663613  16 17 18 0  0.220875 0.563585 0.21554 0 
-0.143803 0.291707 0.041594  -0.860732 -0.010232 0.508955  0.905721 0.75912  16 17 18 0  0.111281 0.563967 0.324752 0 
-0.146526 0.452298 0.034032  -0.90459 0.002768 0.426274  0.905721 0.663613  16 17 18 0  0.218248 0.597251 0.184501 0 
-0.149611 0.291707 0.000548  -0.915854 -0.094065 -0.390338  0.936896 0.75912  16 17 18 0  0.118042 0.552177 0.32978 0 
-0.155209 0.452298 -0.021856  -0.913185 -0.083942 -0.398807  0.936896 0.663613  16 17 18 0  0.266 0.568349 0.16565 0 
-0.114198 0.292499 -0.018299  0.000867 -0.16246 -0.986715  0.985054 0.75912  16 17 18 0  0.168145 0.506719 0.325136 0 
-0.116863 0.452265 -0.040704  -0.004297 -0.138943 -0.990291  0.985054 0.663613  16 17 18 0  0.373659 0.505241 0.1211 0 
-0.062424 0.057494 -0.031013  0.792972 0.099868 -0.601017  0.801257 0.980006  18 19 20 0  0.430987 0.546795 0.022218 0 
-0.072083 0.085938 -0.027959  0.828036 0.247893 -0.502897  0.801257 0.9302  18 19 20 0  0.543182 0.440308 0.016509 0 
-0.120358 0.102425 -0.057269  -0.014689 0.254953 -0.966842  0.762629 0.9302  18 19 20 0  0.551729 0.444178 0.004093 0 
-0.120358 0.051853 -0.060199  0.000002 0.040901 -0.999163  0.762629 0.980006  18 19 20 0  0.470296 0.524641 0.005063 0 
-0.062424 0.062632 0.012951  0.846785 0.526232 0.077685  0.832145 0.980006  18 19 20 0  0.298431 0.605163 0.096406 0 
-0.072083 0.085223 0.010861  0.861528 0.143216 0.487091  0.832145 0.9302  18 19 20 0  0.492885 0.474607 0.032508 0 
-0.120358 0.076432 0.057231  -0.042294 0.977523 0.206541  0.866515 0.980006  18 19 20 0  0.260906 0.617291 0.121803 0 
-0.120358 0.090683 0.044577  -0.033045 0.147781 0.988468  0.866515 0.9302  17 18 19 0  0.032379 0.548421 0.4192 0 
-0.164976 0.062631 0.012951  -0.805895 0.576087 0.136593  0.905721 0.980006  18 19 20 0  0.335003 0.59492 0.070076 0 
-0.159472 0.085223 0.010861  -0.857394 0.164759 0.487575  0.905721 0.9302  18 19 20 0  0.502558 0.470663 0.026779 0 
-0.178291 0.057494 -0.031013  -0.819263 0.172371 -0.546897  0.936896 0.980006  18 19 20 0  0.431216 0.542204 0.026579 0 
-0.168633 0.085938 -0.027959  -0.873774 0.30431 -0.379361  0.936896 0.9302  18 19 20 0  0.555955 0.432884 0.011161 0 
-0.120358 0.051853 -0.060199  0.000002 0.040901 -0.999163  0.985054 0.980006  18 19 20 0  0.470296 0.524641 0.005063 0 
-0.120358 0.102425 -0.057269  -0.014689 0.254953 -0.966842  0.985054 0.9302  18 19 20 0  0.551729 0.444178 0.004093 0 
-0.044313 0.014676 0.177756  0.991428 -0.080506 0.102906  0.330026 0.257867  18 19 20 0  0.112472 0.6239 0.263628 0 
-0.196402 0.014676 0.177756  -0.849937 0.282204 0.444935  0.413172 0.208985  18 19 20 0  0.074 0.6135 0.3125 0 
-0.120358 0.076432 0.057231  -0.042294 0.977523 0.206541  0.328092 0.151072  18 19 20 0  0.260906 0.617291 0.121803 0 
-0.084133 0.180388 -0.008351  0.862587 0.17679 -0.474014  0.801257 0.870796  17 18 19 0  0.074086 0.718845 0.207069 0 
-0.114757 0.186013 -0.028508  0.014081 0.301737 -0.953287  0.762629 0.870796  17 18 19 0  0.039292 0.715876 0.244832 0 
-0.084132 0.169262 0.024959  0.863554 -0.013844 0.504066  0.832145 0.870796  17 18 19 0  0.094413 0.69927 0.206317 0 
-0.114757 0.162564 0.045606  0.012608 -0.087845 0.996054  0.866515 0.870796  17 18 19 0  0.122061 0.731047 0.146892 0 
-0.139003 0.169262 0.024959  -0.859213 0.034607 0.510446  0.905721 0.870796  17 18 19 0  0.098057 0.697576 0.204367 0 
-0.145382 0.180388 -0.008351  -0.897313 0.221349 -0.381882  0.936896 0.870796  17 18 19 0  0.076216 0.721026 0.202758 0 
-0.114757 0.186013 -0.028508  0.014081 0.301737 -0.953287  0.985054 0.870796  17 18 19 0  0.039292 0.715876 0.244832 0 
-0.120358 -0.001468 -0.05541  0.003746 -0.926461 -0.376372  0.177793 0.120514  18 19 20 0  0.442942 0.551566 0.005492 0 
-0.065098 -0.001446 -0.027946  0.202067 -0.969896 -0.135905  0.228024 0.143554  18 19 20 0  0.353057 0.60416 0.042782 0 
-0.065098 -0.001467 0.018654  0.12829 -0.991651 -0.013022  0.260347 0.165382  18 19 20 0  0.200063 0.633141 0.166796 0 
-0.179157 -0.001468 0.018654  -0.137447 -0.990402 -0.014595  0.371203 0.103114  18 19 20 0  0.293659 0.620404 0.085937 0 
-0.175618 -0.001446 -0.027945  -0.194478 -0.969698 -0.147864  0.368054 0.066318  18 19 20 0  0.411729 0.571406 0.016865 0 
-0.120358 -0.001468 -0.05541  0.003746 -0.926461 -0.376372  0.373333 0.014217  18 19 20 0  0.442942 0.551566 0.005492 0 
-0.047822 -0.001742 0.172231  0.147826 -0.989003 0.004561  0.333835 0.267284  18 19 20 0  0.061469 0.596541 0.341989 0 
-0.076795 -0.001734 0.202229  0.005344 -0.933004 0.359827  0.364228 0.269756  18 19 20 0  0.035112 0.581689 0.3832 0 
-0.192893 -0.001742 0.172231  -0.171738 -0.981764 0.08152  0.418425 0.217946  18 19 20 0  0.122688 0.617759 0.259553 0 
-0.047822 -0.001742 0.172231  0.147826 -0.989003 0.004561  0.322286 0.258044  18 19 20 0  0.061469 0.596541 0.341989 0 
-0.192893 -0.001742 0.172231  -0.171738 -0.981764 0.08152  0.417289 0.202556  18 19 20 0  0.122688 0.617759 0.259553 0 
-0.175618 -0.001446 -0.027945  -0.194478 -0.969698 -0.147864  0.566957 0.11451  18 19 20 0  0.411729 0.571406 0.016865 0 
-0.179157 -0.001468 0.018654  -0.137447 -0.990402 -0.014595  0.538649 0.115481  18 19 20 0  0.293659 0.620404 0.085937 0 
-0.065098 -0.001467 0.018654  0.12829 -0.991651 -0.013022  0.540138 0.059824  18 19 20 0  0.200063 0.633141 0.166796 0 
-0.065098 -0.001446 -0.027946  0.202067 -0.969896 -0.135905  0.5684 0.06058  18 19 20 0  0.353057 0.60416 0.042782 0 
-0.192893 -0.001742 0.172231  -0.171738 -0.981764 0.08152  0.445326 0.119691  18 19 20 0  0.122688 0.617759 0.259553 0 
-0.047822 -0.001742 0.172231  0.147826 -0.989003 0.004561  0.447221 0.048901  18 19 20 0  0.061469 0.596541 0.341989 0 
-0.120358 -0.001468 -0.05541  0.003746 -0.926461 -0.376372  0.584336 0.087991  18 19 20 0  0.442942 0.551566 0.005492 0 
-0.076795 -0.001734 0.202229  0.005344 -0.933004 0.359827  0.428649 0.062552  18 19 20 0  0.035112 0.581689 0.3832 0 
-0.162128 0.286568 -0.156182  0.17974 -0.701807 0.689319  0.223532 0.670595  16 17 21 0  0.415729 0.423323 0.160948 0 
-0.229283 0.306025 -0.026324  0.537927 -0.824378 -0.176166  0.258095 0.678991  16 17 21 0  0.390886 0.521737 0.087377 0 
-0.000001 0.455638 -0.026324  0.537928 -0.824378 -0.176166  0.25077 0.630175  16 17 21 0  0.374535 0.310646 0.314818 0 
-0.000001 0.275258 -0.209971  0.17974 -0.701807 0.689319  0.20357 0.64106  16 17 21 0  0.417953 0.287124 0.294923 0 
-0.162128 0.322096 0.103534  0.537927 -0.824378 -0.176166  0.289254 0.66184  16 17 21 0  0.381599 0.490535 0.127866 0 
-0.000001 0.301251 0.157323  0.114325 -0.760434 -0.639273  0.300717 0.628084  16 17 21 0  0.396252 0.298688 0.30506 0 
-0.483427 0.703693 0.01539  0.128439 -0.947291 0.293501  0.545478 0.385439  12 13 0 0  0.080788 0.919211 0 0 
-0.483427 0.709715 -0.049831  0.193976 -0.7564 -0.624685  0.513369 0.378018  12 13 0 0  0.095936 0.90406 0 0 
-0.569202 0.716741 -0.087979  0.186677 -0.508666 -0.840482  0.503192 0.328757  12 13 0 0  0.020504 0.979492 0 0 
-0.569202 0.674887 -0.015486  0.103195 -0.994645 -0.005721  0.544034 0.33198  12 13 0 0  0.017675 0.982323 0 0 
-0.483427 0.782971 -0.084617  0.269493 0.304668 -0.913538  0.472806 0.374742  12 13 0 0  0.102033 0.89796 0 0 
-0.569202 0.801549 -0.087979  0.171566 0.476123 -0.86248  0.461082 0.332449  12 13 0 0  0.017817 0.982178 0 0 
-0.483427 0.829522 -0.019893  0.300166 0.934641 -0.190647  0.434535 0.378959  12 13 0 0  0.118987 0.881007 0 0 
-0.569202 0.859408 -0.015486  0.336725 0.911643 -0.235634  0.417498 0.334507  12 13 0 0  0.026274 0.973721 0 0 
-0.483427 0.812129 0.036882  0.168148 0.683791 0.710039  0.40577 0.38625  12 13 0 0  0.123317 0.87668 0 0 
-0.554808 0.817554 0.039281  0.19768 0.460067 0.865598  0.395664 0.352072  12 13 0 0  0.024246 0.975751 0 0 
-0.483427 0.741669 0.059487  0.072024 -0.140229 0.987496  0.37143 0.398795  12 13 0 0  0.088167 0.911832 0 0 
-0.554808 0.716741 0.05546  -0.085251 -0.386275 0.918436  0.349876 0.369917  12 13 0 0  0.018747 0.981252 0 0 
-0.483427 0.703693 0.01539  0.128439 -0.947291 0.293501  0.34417 0.409182  12 13 0 0  0.080788 0.919211 0 0 
-0.569202 0.674887 -0.015486  0.103195 -0.994645 -0.005721  0.310513 0.375954  12 13 0 0  0.017675 0.982323 0 0 
-0.628333 0.674887 -0.028327  -0.458879 -0.708964 0.535538  0.892803 0.515316  12 13 0 0  0.002065 0.997929 0 0 
-0.628333 0.859408 -0.028327  -0.533364 0.783372 0.319143  0.893117 0.59975  12 13 0 0  0.002217 0.997777 0 0 
-0.601187 0.817554 0.041249  -0.719368 -0.217637 0.659654  0.927208 0.580487  12 13 0 0  0.002089 0.997906 0 0 
-0.601187 0.716741 0.041249  -0.76848 -0.179763 0.614104  0.927048 0.534349  12 13 0 0  0.0031 0.996897 0 0 
-0.647755 0.704701 0.049653  0.303536 -0.184164 -0.934853  0.799145 0.529293  12 13 0 0  0.004375 0.995473 0 0 
-0.647162 0.746555 0.070565  0.550088 -0.205102 0.809529  0.789635 0.548488  12 13 0 0  0.004301 0.99555 0 0 
-0.647162 0.790606 0.070565  0.263963 0.204354 0.942636  0.789704 0.568656  12 13 0 0  0.004134 0.995722 0 0 
-0.647755 0.824328 0.049653  0.372667 0.401362 -0.836677  0.799345 0.584059  12 13 0 0  0.004346 0.995502 0 0 
-0.628333 0.674887 -0.028327  -0.458879 -0.708964 0.535538  0.538627 0.295123  12 13 0 0  0.002065 0.997929 0 0 
-0.628333 0.716741 -0.10082  0.002721 -0.469508 -0.882924  0.499843 0.306  12 13 0 0  0.002451 0.997544 0 0 
-0.711822 0.722521 -0.091543  -0.506784 -0.402525 -0.762328  0.497483 0.277054  13 0 0 0  0.999224 0 0 0 
-0.695888 0.680667 -0.022938  -0.003524 -0.737 0.675884  0.533458 0.259411  13 0 0 0  0.999002 0 0 0 
-0.628333 0.806756 -0.10082  0.03217 0.453103 -0.890877  0.459445 0.306501  12 13 0 0  0.002791 0.997204 0 0 
-0.711822 0.805599 -0.091543  -0.514954 0.40144 -0.757409  0.462202 0.274706  13 0 0 0  0.999229 0 0 0 
-0.628333 0.859408 -0.028327  -0.533364 0.783372 0.319143  0.421185 0.302825  12 13 0 0  0.002217 0.997777 0 0 
-0.695888 0.839546 -0.022938  -0.007739 0.623986 0.781397  0.427417 0.263502  12 13 0 0  0.001043 0.998935 0 0 
-0.695888 0.680667 -0.022938  -0.003524 -0.737 0.675884  0.861797 0.51807  13 0 0 0  0.999002 0 0 0 
-0.695888 0.839546 -0.022938  -0.007739 0.623986 0.781397  0.862067 0.590783  12 13 0 0  0.001043 0.998935 0 0 
-0.771462 0.733846 -0.002397  -0.945761 -0.314138 -0.082791  0.496003 0.236338  12 13 0 0  0.001657 0.998298 0 0 
-0.72104 0.680667 0.003422  0.624994 -0.739655 0.249585  0.532009 0.234592  12 13 0 0  0.001916 0.998031 0 0 
-0.771462 0.797692 -0.002397  -0.934709 0.337325 -0.111939  0.467131 0.233904  12 13 0 0  0.001403 0.998561 0 0 
-0.72104 0.839546 0.003422  0.672196 0.684267 0.282719  0.43359 0.237742  12 13 0 0  0.00225 0.997684 0 0 
-0.72104 0.680667 0.003422  0.624994 -0.739655 0.249585  0.845119 0.518127  12 13 0 0  0.001916 0.998031 0 0 
-0.72104 0.839546 0.003422  0.672196 0.684267 0.282719  0.845388 0.59085  12 13 0 0  0.00225 0.997684 0 0 
-0.731434 0.722521 0.07639  -0.47133 -0.340383 0.813626  0.504895 0.203876  12 13 0 0  0.003076 0.996826 0 0 
-0.708973 0.680667 0.040022  0.666491 -0.471908 -0.577142  0.53119 0.209968  12 13 0 0  0.003357 0.996534 0 0 
-0.731435 0.797692 0.07639  -0.486231 0.268451 0.831573  0.468688 0.201573  12 13 0 0  0.002979 0.996924 0 0 
-0.708974 0.839546 0.040022  0.609378 0.511636 -0.605712  0.437158 0.212157  12 13 0 0  0.003616 0.996263 0 0 
-0.708973 0.680667 0.040022  0.666491 -0.471908 -0.577142  0.827477 0.518189  12 13 0 0  0.003357 0.996534 0 0 
-0.708974 0.839546 0.040022  0.609378 0.511636 -0.605712  0.827744 0.590919  12 13 0 0  0.003616 0.996263 0 0 
-0.647162 0.746555 0.070565  0.550088 -0.205102 0.809529  0.497506 0.166323  12 13 0 0  0.004301 0.99555 0 0 
-0.647755 0.704701 0.049653  0.303536 -0.184164 -0.934853  0.526709 0.174567  12 13 0 0  0.004375 0.995473 0 0 
-0.647162 0.790606 0.070565  0.263963 0.204354 0.942636  0.462574 0.169011  12 13 0 0  0.004134 0.995722 0 0 
-0.647755 0.824328 0.049653  0.372667 0.401362 -0.836677  0.436196 0.179911  12 13 0 0  0.004346 0.995502 0 0 
-0.637797 0.904504 0.095197  0.503152 0.651955 0.567267  0.952882 0.628639  12 13 0 0  0.001619 0.998365 0 0 
-0.643482 0.87244 0.095698  -0.385934 -0.513612 0.766327  0.948768 0.614349  12 13 0 0  0.001569 0.998414 0 0 
-0.67006 0.895767 0.058314  -0.981107 -0.174723 -0.083074  0.930123 0.628651  12 13 0 0  0.0015 0.998484 0 0 
-0.651338 0.915816 0.073351  -0.042376 0.999079 -0.006784  0.942376 0.635993  12 13 0 0  0.001626 0.998357 0 0 
-0.601187 0.716741 0.041249  -0.76848 -0.179763 0.614104  0.33958 0.349282  12 13 0 0  0.0031 0.996897 0 0 
-0.601187 0.817554 0.041249  -0.719368 -0.217637 0.659654  0.386897 0.330089  12 13 0 0  0.002089 0.997906 0 0 
-0.628333 0.674887 -0.028327  -0.458879 -0.708964 0.535538  0.295958 0.348772  12 13 0 0  0.002065 0.997929 0 0 
-0.646583 0.87531 0.009567  -0.8753 -0.044707 -0.481509  0.909331 0.61239  12 13 0 0  0.001093 0.998897 0 0 
-0.619685 0.84156 0.065064  -0.531593 -0.782913 0.323196  0.936508 0.595396  12 13 0 0  0.001105 0.998884 0 0 
-0.628333 0.859408 -0.028327  -0.533364 0.783372 0.319143  0.993288 0.561912  12 13 0 0  0.002217 0.997777 0 0 
-0.569202 0.859408 -0.015486  0.336725 0.911643 -0.235634  0.967494 0.552387  12 13 0 0  0.026274 0.973721 0 0 
-0.604714 0.881352 0.027846  0.501942 0.856127 -0.122885  0.969663 0.579888  12 13 0 0  0.003554 0.996436 0 0 
-0.646583 0.87531 0.009567  -0.8753 -0.044707 -0.481509  0.990672 0.582006  12 13 0 0  0.001093 0.998897 0 0 
-0.554808 0.817554 0.039281  0.19768 0.460067 0.865598  0.936839 0.561712  12 13 0 0  0.024246 0.975751 0 0 
-0.591517 0.858311 0.068363  0.786757 0.328138 0.522818  0.948766 0.587062  12 13 0 0  0.00241 0.997581 0 0 
-0.651338 0.915816 0.073351  -0.042376 0.999079 -0.006784  0.976001 0.613058  12 13 0 0  0.001626 0.998357 0 0 
-0.67006 0.895767 0.058314  -0.981107 -0.174723 -0.083074  0.989339 0.608211  12 13 0 0  0.0015 0.998484 0 0 
-0.637797 0.904504 0.095197  0.503152 0.651955 0.567267  0.96356 0.615349  12 13 0 0  0.001619 0.998365 0 0 
-0.087106 0.747612 -0.000994  1 0.000004 0  0.037286 0.031115  4 12 13 0  0.628684 0.366206 0.00511 0 
-0.100124 0.772703 -0.01548  0.250772 0.859218 -0.445935  0.046994 0.042303  4 12 13 0  0.498426 0.483908 0.017666 0 
-0.100124 0.747612 -0.029966  0.274266 0.014993 -0.961537  0.052037 0.029769  4 12 13 0  0.539553 0.438944 0.021503 0 
-0.100124 0.772703 0.013493  0.254176 0.8338 0.490074  0.033874 0.045529  4 12 13 0  0.483768 0.500573 0.015659 0 
-0.100124 0.747612 0.027979  0.266811 -0.015059 0.963631  0.023593 0.036763  4 12 13 0  0.510704 0.471494 0.017803 0 
-0.100124 0.722521 0.013493  0.2474 -0.859002 0.448228  0.024705 0.023298  4 12 13 0  0.551749 0.426904 0.021347 0 
-0.100124 0.722521 -0.01548  0.257939 -0.834065 -0.487649  0.044807 0.018355  4 12 13 0  0.565942 0.411008 0.023051 0 
-0.100124 0.722521 0.013493  0.2474 -0.859002 0.448228  0.03132 0.017558  4 12 13 0  0.551749 0.426904 0.021347 0 
-0.100124 0.747612 -0.029966  0.274266 0.014993 -0.961537  0.485925 0.570825  4 12 13 0  0.539553 0.438944 0.021503 0 
-0.100124 0.772703 -0.01548  0.250772 0.859218 -0.445935  0.469867 0.57303  4 12 13 0  0.498426 0.483908 0.017666 0 
-0.200954 0.779642 -0.023741  0.092746 0.887909 -0.450572  0.464748 0.521471  4 12 13 0  0.257251 0.651278 0.091471 0 
-0.200954 0.747612 -0.042234  0.108706 0.021671 -0.993838  0.485676 0.518938  4 12 13 0  0.288614 0.610763 0.100623 0 
-0.100124 0.772703 0.013493  0.254176 0.8338 0.490074  0.454207 0.577062  4 12 13 0  0.483768 0.500573 0.015659 0 
-0.200954 0.779642 0.020794  0.098104 0.882357 0.460242  0.440416 0.527457  4 12 13 0  0.229643 0.687763 0.082594 0 
-0.100124 0.747612 0.027979  0.266811 -0.015059 0.963631  0.440106 0.58135  4 12 13 0  0.510704 0.471494 0.017803 0 
-0.200954 0.747612 0.039287  0.109866 -0.036159 0.993289  0.422406 0.5329  4 12 13 0  0.235404 0.679574 0.085022 0 
-0.100124 0.722521 0.013493  0.2474 -0.859002 0.448228  0.426565 0.587174  4 12 13 0  0.551749 0.426904 0.021347 0 
-0.200954 0.715581 0.020794  0.090458 -0.894155 0.438526  0.4051 0.540301  4 12 13 0  0.268579 0.635987 0.095434 0 
-0.100124 0.722521 0.013493  0.2474 -0.859002 0.448228  0.515284 0.573645  4 12 13 0  0.551749 0.426904 0.021347 0 
-0.100124 0.722521 -0.01548  0.257939 -0.834065 -0.487649  0.500697 0.571502  4 12 13 0  0.565942 0.411008 0.023051 0 
-0.200954 0.715582 -0.023741  0.096632 -0.876682 -0.471265  0.504303 0.520013  4 12 13 0  0.294364 0.603378 0.102258 0 
-0.200954 0.715581 0.020794  0.090458 -0.894155 0.438526  0.52652 0.523339  4 12 13 0  0.268579 0.635987 0.095434 0 
-0.314881 0.788521 -0.028165  0.179254 0.866059 -0.466701  0.457382 0.464224  4 12 13 0  0.067222 0.661423 0.271356 0 
-0.315265 0.747626 -0.054679  0.175199 0.007624 -0.984504  0.485975 0.46064  4 12 13 0  0.073343 0.642095 0.284562 0 
-0.309107 0.788519 0.02486  0.108436 0.896982 0.428562  0.427378 0.473998  4 12 13 0  0.057606 0.687086 0.255308 0 
-0.298375 0.747626 0.05137  0.060333 -0.004998 0.998166  0.405904 0.486517  4 12 13 0  0.054796 0.691403 0.253801 0 
-0.309107 0.706734 0.02486  0.066055 -0.899777 0.431322  0.381326 0.49031  4 12 13 0  0.06033 0.663871 0.2758 0 
-0.314881 0.706731 -0.028165  0.143911 -0.879469 -0.453679  0.510624 0.462549  4 12 13 0  0.06994 0.641182 0.288877 0 
-0.309107 0.706734 0.02486  0.066055 -0.899777 0.431322  0.536304 0.469729  4 12 13 0  0.06033 0.663871 0.2758 0 
-0.375111 0.755197 -0.061366  0.092903 0.060238 -0.993851  0.482589 0.430649  12 13 0 0  0.310979 0.688994 0 0 
-0.375494 0.79561 -0.031894  0.093083 0.899176 -0.427573  0.453131 0.433589  12 13 0 0  0.311191 0.688794 0 0 
-0.382951 0.795612 0.027053  0.1267 0.831345 0.541122  0.418098 0.436619  12 13 0 0  0.281806 0.718188 0 0 
-0.393699 0.747743 0.056528  0.02675 -0.046135 0.998577  0.389006 0.440038  12 13 0 0  0.24891 0.751084 0 0 
-0.383003 0.702297 0.027054  -0.033378 -0.892397 0.450015  0.365918 0.455502  12 13 0 0  0.258002 0.741983 0 0 
-0.383003 0.702297 0.027054  -0.033378 -0.892397 0.450015  0.542689 0.434606  12 13 0 0  0.258002 0.741983 0 0 
-0.375494 0.699877 -0.031894  -0.02663 -0.864977 -0.501105  0.513801 0.433465  12 13 0 0  0.289753 0.710221 0 0 
-0.345923 0.798649 -0.038611  0.140405 0.850915 -0.506192  0.456919 0.447617  4 12 13 0  0.007004 0.517834 0.475162 0 
-0.345916 0.74971 -0.066188  0.096896 -0.030256 -0.994834  0.484813 0.445034  4 12 13 0  0.008422 0.505717 0.485861 0 
-0.345972 0.798649 0.019642  0.087828 0.888954 0.449497  0.426143 0.454413  4 12 13 0  0.005915 0.515346 0.478739 0 
-0.345962 0.747658 0.04722  0.052848 0.005115 0.998589  0.397537 0.46365  4 12 13 0  0.006207 0.492041 0.501752 0 
-0.345984 0.703462 0.019643  0.083816 -0.879216 0.468993  0.37218 0.47371  4 12 13 0  0.007568 0.474679 0.517753 0 
-0.345923 0.699465 -0.038611  0.096656 -0.860733 -0.499796  0.510064 0.446833  4 12 13 0  0.008665 0.485521 0.505814 0 
-0.345984 0.703462 0.019643  0.083816 -0.879216 0.468993  0.536659 0.451578  4 12 13 0  0.007568 0.474679 0.517753 0 
-0.1095 0.846576 0.329878  -0.27066 -0.962669 0.003506  0.657886 0.370859  4 5 6 0  0.115295 0.622165 0.262541 0 
-0.158401 0.867136 0.335214  -0.653897 -0.400943 0.64161  0.669722 0.347312  4 5 6 0  0.073814 0.549251 0.376936 0 
-0.000001 0.847077 0.381545  0 0.056373 0.99841  0.586699 0.396486  4 5 6 0  0.083117 0.563327 0.353556 0 
-0.000002 0.825814 0.371722  0 -0.998649 0.051966  0.600357 0.41952  4 5 6 0  0.114232 0.612913 0.272855 0 
-0.109501 1.279012 0.308146  -0.613404 0.623259 0.48506  0.686654 0.107752  5 6 7 0  0.138513 0.805638 0.055849 0 
-0.000002 1.319292 0.34999  -0.000001 0.769561 0.638573  0.63963 0.045963  5 6 7 0  0.080669 0.848963 0.070368 0 
-0.000002 1.183481 0.403688  -0 0.015665 0.999877  0.579512 0.132082  5 6 7 0  0.12104 0.827837 0.051122 0 
-0.142249 1.192441 0.342137  -0.73445 0.135032 0.665093  0.669904 0.158433  5 6 7 0  0.229481 0.73861 0.031909 0 
-0.109501 0.858175 0.076193  -0.378399 -0.919595 -0.10564  0.817469 0.400813  4 5 6 0  0.223462 0.672664 0.103874 0 
-0.000001 0.827254 0.055687  0.000001 -0.997636 -0.068718  0.843874 0.48198  4 5 6 0  0.27758 0.66016 0.062261 0 
-0.000002 0.853642 -0.029439  0 -0.460678 -0.887567  0.908024 0.467354  4 5 6 0  0.248474 0.656779 0.094747 0 
-0.175298 0.904677 0.012565  -0.628046 -0.411438 -0.660513  0.859591 0.337801  4 5 6 0  0.160461 0.647035 0.192504 0 
-0.109501 1.279012 0.034304  -0.608767 0.652782 -0.450864  0.841197 0.111081  5 6 7 0  0.342194 0.629862 0.027945 0 
-0.142249 1.182166 -0.023218  -0.694591 0.334935 -0.63668  0.869224 0.170791  4 5 6 0  0.042645 0.514927 0.442428 0 
-0.000002 1.188223 -0.087174  -0.000001 0.256313 -0.966594  0.956744 0.133436  4 5 6 0  0.034343 0.484039 0.481618 0 
-0.000002 1.319292 -0.00754  -0.000001 0.807284 -0.590163  0.888979 0.049472  5 6 7 0  0.338634 0.633679 0.027688 0 
-0.000002 0.843269 0.186919  0.000001 -0.999647 -0.026584  0.722703 0.470269  4 5 6 0  0.184236 0.669109 0.146655 0 
-0.147825 0.865474 0.182012  -0.458234 -0.88829 -0.031031  0.74849 0.371202  4 5 6 0  0.161114 0.677437 0.161449 0 
-0.000001 0.827254 0.055687  0.000001 -0.997636 -0.068718  0.820474 0.487594  4 5 6 0  0.27758 0.66016 0.062261 0 
-0.190903 1.182339 0.157348  -0.96718 0.25409 0.000573  0.768738 0.176375  5 6 7 0  0.314874 0.655913 0.029212 0 
-0.147826 1.319292 0.173008  -0.700493 0.713535 0.013322  0.762652 0.102521  5 6 7 0  0.207919 0.747018 0.045063 0 
-0.235205 0.947907 0.150657  -0.982313 -0.186981 -0.01001  0.770391 0.306326  4 5 6 0  0.115934 0.613638 0.270428 0 
-0.000002 1.371081 0.173009  -0.000001 1 -0.000576  0.764286 0.00871  5 6 7 0  0.182145 0.767087 0.050768 0 
-0.175298 0.948641 0.319216  -0.780491 -0.034392 0.624221  0.675705 0.303863  4 5 6 0  0.044102 0.478714 0.477184 0 
-0.171743 1.015005 0.329367  -0.729471 0.209074 0.651276  0.671082 0.267394  4 5 6 0  0.017617 0.366474 0.615909 0 
-0.000002 0.976917 0.413355  -0 -0.012081 0.999927  0.55315 0.289285  4 5 6 0  0.019786 0.386949 0.593264 0 
-0.000002 0.93579 0.366091  0 -0.27519 0.96139  0.568623 0.334418  4 5 6 0  0.04632 0.485246 0.468434 0 
-0.000002 0.853642 -0.029439  0 -0.460678 -0.887567  0.981412 0.360915  4 5 6 0  0.248474 0.656779 0.094747 0 
-0.000002 1.064184 -0.08281  0 -0.143742 -0.989615  0.978104 0.217198  4 5 6 0  0.116556 0.626034 0.25741 0 
-0.171296 1.068621 -0.02901  -0.695545 -0.007143 -0.718447  0.870993 0.235143  4 5 6 0  0.086638 0.618235 0.295127 0 
-0.215132 1.052442 0.134241  -0.989936 0.133745 -0.04625  0.777963 0.249916  4 5 6 0  0.048763 0.476813 0.474424 0 
-0.000002 1.054877 0.36693  -0 0.100227 0.994965  0.568127 0.226116  5 6 7 0  0.252947 0.726135 0.020918 0 
-0.151247 1.066867 0.30529  -0.761537 0.083549 0.642713  0.674682 0.233582  5 6 7 0  0.307402 0.676894 0.015704 0 
0.051709 0.844898 -0.005845  0.564979 0.798012 -0.209705  0.598647 0.563764  4 5 8 0  0.613102 0.250396 0.136502 0 
-0.000002 0.870317 -0.000736  -0.000001 0.927085 -0.374851  0.577754 0.533558  4 5 12 0  0.639748 0.285306 0.074946 0 
-0.000002 0.863755 0.052499  -0.000001 0.887615 0.460586  0.538721 0.558898  4 5 12 0  0.645774 0.299096 0.05513 0 
0.074856 0.843514 0.039393  0.741249 0.576633 0.343576  0.576235 0.597675  4 5 8 0  0.679666 0.20492 0.115414 0 
-0.000001 0.820721 0.095041  0 0.376531 0.926404  0.518934 0.640394  3 4 5 0  0.082106 0.715098 0.202796 0 
0.051708 0.805657 0.073938  0.489138 0.265476 0.830823  0.556286 0.629078  3 4 5 0  0.130932 0.726483 0.142584 0 
0.096786 0.795492 -0.070073  0.577506 0.53821 -0.613854  0.655281 0.563375  4 5 8 0  0.668304 0.16618 0.165516 0 
-0.000001 0.805783 -0.085968  -0.000001 0.563814 -0.825902  0.64639 0.504204  4 5 12 0  0.71746 0.193094 0.089447 0 
-0.000001 0.552704 0.094036  0 0.231632 0.972803  0.569985 0.74546  3 4 16 0  0.395681 0.200972 0.403347 0 
0.104494 0.557314 0.073867  0.535405 0.288851 0.793667  0.630316 0.716326  3 16 21 0  0.324794 0.419545 0.255661 0 
0.08285 0.618102 0.063223  0.589945 0.017502 0.807254  0.609824 0.692701  3 4 16 0  0.376122 0.405068 0.21881 0 
-0.000001 0.613967 0.084767  0 -0.161318 0.986903  0.558068 0.720935  3 4 16 0  0.387376 0.488069 0.124555 0 
-0.000001 0.68828 0.120981  0 -0.057128 0.998367  0.541858 0.687572  3 4 5 0  0.227244 0.683186 0.08957 0 
0.073867 0.691915 0.095247  0.609339 0.015806 0.792752  0.578251 0.671162  3 4 8 0  0.244799 0.637211 0.11799 0 
0.173477 0.584445 -0.027573  0.971433 0.203587 0.121946  0.698226 0.654462  3 4 16 0  0.294049 0.371906 0.334045 0 
0.151983 0.651328 -0.021755  0.971246 0.171192 0.165453  0.672558 0.635446  3 4 8 0  0.247722 0.579865 0.172414 0 
0.119835 0.623364 -0.120859  0.558841 0.253558 -0.78956  0.734097 0.579223  3 4 16 0  0.252391 0.467536 0.280073 0 
0.104987 0.690202 -0.099559  0.548222 0.300331 -0.780547  0.700997 0.569895  3 4 8 0  0.185254 0.638816 0.17593 0 
0.14011 0.741928 -0.002805  0.936804 0.249218 0.245537  0.638497 0.616197  4 5 8 0  0.666186 0.1192 0.214614 0 
-0.000001 0.69758 -0.119003  -0 0.287252 -0.957855  0.703084 0.498029  3 4 12 0  0.169291 0.733564 0.097144 0 
0.118593 0.508533 0.081719  0.545275 0.296144 0.784203  0.651183 0.742214  3 16 21 0  0.209252 0.477641 0.313107 0 
0.178622 0.527418 -0.021903  0.980891 0.155722 0.116636  0.720278 0.680364  3 16 21 0  0.200941 0.449204 0.349855 0 
0.126923 0.540935 -0.133028  0.620583 0.172851 -0.764852  0.778875 0.595029  3 16 21 0  0.221146 0.451438 0.327417 0 
-0.000001 0.500872 0.109288  -0.000001 0.282281 0.959332  0.58544 0.777268  3 16 21 0  0.243123 0.556571 0.200305 0 
-0.000001 0.626566 -0.140258  -0 0.235569 -0.971858  0.742598 0.496324  3 4 16 0  0.255069 0.505423 0.239507 0 
-0.000001 0.545689 -0.156062  -0 0.19178 -0.981438  0.795955 0.501137  3 16 17 0  0.267394 0.528737 0.203869 0 
-0.051712 0.844898 -0.005845  -0.564981 0.79801 -0.209705  0.409429 0.655705  4 5 12 0  0.607059 0.253992 0.138949 0 
-0.074858 0.843514 0.039393  -0.74125 0.576632 0.343576  0.449938 0.659042  4 5 12 0  0.668363 0.211645 0.119992 0 
-0.051712 0.805657 0.073938  -0.489139 0.265475 0.830823  0.486956 0.662766  3 4 5 0  0.13032 0.718665 0.151016 0 
-0.096789 0.795491 -0.070073  -0.577507 0.538209 -0.613854  0.374124 0.699988  4 5 12 0  0.665985 0.167228 0.166787 0 
-0.082852 0.618102 0.063223  -0.589944 0.017503 0.807255  0.503887 0.744174  3 4 16 0  0.366735 0.406225 0.22704 0 
-0.104497 0.557313 0.073867  -0.535404 0.288848 0.793668  0.509796 0.774885  3 16 17 0  0.309752 0.429994 0.260253 0 
-0.07387 0.691915 0.095247  -0.609339 0.015804 0.792752  0.506465 0.706042  3 4 12 0  0.24158 0.635369 0.123051 0 
-0.151985 0.651328 -0.021755  -0.971246 0.171191 0.165452  0.420106 0.758109  3 4 12 0  0.235368 0.58793 0.176702 0 
-0.17348 0.584445 -0.027573  -0.971434 0.203585 0.121943  0.419192 0.79004  3 4 16 0  0.274526 0.378645 0.346828 0 
-0.10499 0.690202 -0.099559  -0.548223 0.30033 -0.780547  0.350997 0.739956  3 4 12 0  0.176951 0.64451 0.178539 0 
-0.119838 0.623364 -0.120859  -0.558841 0.253557 -0.78956  0.337875 0.771743  3 4 16 0  0.235537 0.476792 0.287672 0 
-0.140113 0.741927 -0.002805  -0.936805 0.249216 0.245537  0.426022 0.719436  4 5 12 0  0.659598 0.123425 0.216977 0 
-0.178624 0.527418 -0.021903  -0.980892 0.155717 0.116634  0.424534 0.823298  3 16 17 0  0.185038 0.459672 0.35529 0 
-0.118595 0.508533 0.081719  -0.545275 0.296136 0.784206  0.517251 0.807289  3 16 17 0  0.200917 0.483327 0.315756 0 
-0.126926 0.540935 -0.133028  -0.620584 0.17285 -0.764852  0.321145 0.817009  4 16 17 0  0.221584 0.451573 0.326843 0 
-0.000002 0.870317 -0.000736  -0.000001 0.927085 -0.374851  0.398594 0.620612  4 5 12 0  0.639748 0.285306 0.074946 0 
-0.000002 0.863755 0.052499  -0.000001 0.887615 0.460586  0.442637 0.605586  4 5 12 0  0.645774 0.299096 0.05513 0 
-0.000001 0.805783 -0.085968  -0.000001 0.563814 -0.825902  0.333101 0.65643  4 5 12 0  0.71746 0.193094 0.089447 0 
-0.000001 0.69758 -0.119003  -0 0.287252 -0.957855  0.29321 0.697185  3 4 12 0  0.169291 0.733564 0.097144 0 
-0.000001 0.626566 -0.140258  -0 0.235569 -0.971858  0.26745 0.727195  3 4 16 0  0.255069 0.505423 0.239507 0 
-0.000001 0.545689 -0.156062  -0 0.19178 -0.981438  0.237706 0.771874  3 16 17 0  0.267394 0.528737 0.203869 0 
-0.000002 0.863755 0.052499  -0.000001 0.887615 0.460586  0.503257 0.608129  4 5 12 0  0.645774 0.299096 0.05513 0 
i monster 2211
0 1 2 
1 3 2 
3 4 2 
4 5 2 
5 0 2 
8 9 6 
6 7 8 
11 8 7 
7 10 11 
14 15 12 
12 13 14 
9 14 13 
13 6 9 
17 9 8 
8 16 17 
18 16 8 
8 11 18 
20 15 14 
14 19 20 
19 14 9 
9 17 19 
17 16 21 
21 22 17 
16 18 23 
23 21 16 
25 20 19 
19 24 25 
24 19 17 
17 22 24 
47 44 45 
45 46 47 
46 45 48 
48 49 46 
53 50 51 
51 52 53 
55 52 51 
51 54 55 
58 59 56 
56 57 58 
112 58 57 
57 111 112 
63 60 61 
61 62 63 
65 62 61 
61 64 65 
67 65 64 
64 66 67 
67 66 68 
68 69 67 
69 68 70 
70 71 69 
119 71 70 
70 114 119 
74 75 72 
72 73 74 
77 74 73 
73 76 77 
79 77 76 
76 78 79 
79 78 80 
80 81 79 
81 80 82 
82 83 81 
83 82 120 
120 115 83 
85 106 105 
105 84 85 
84 105 107 
107 86 84 
86 107 87 
87 88 86 
87 109 89 
89 88 87 
109 108 90 
90 89 109 
108 118 116 
116 90 108 
28 53 49 
49 48 28 
55 26 56 
56 59 55 
59 110 55 
53 52 110 
110 49 53 
92 85 84 
84 91 92 
91 84 86 
86 93 91 
93 86 88 
88 94 93 
88 89 95 
95 94 88 
89 90 96 
96 95 89 
90 116 117 
117 96 90 
72 63 62 
62 73 72 
73 62 65 
65 76 73 
65 67 78 
78 76 65 
78 67 69 
69 80 78 
69 71 82 
82 80 69 
71 119 120 
120 82 71 
97 98 45 
45 44 97 
98 99 48 
48 45 98 
100 101 57 
57 56 100 
101 113 111 
111 57 101 
102 103 51 
51 50 102 
103 104 54 
54 51 103 
99 29 28 
28 48 99 
27 100 56 
56 26 27 
39 36 37 
37 38 39 
38 37 40 
40 41 38 
39 42 36 
43 41 40 
60 92 91 
91 61 60 
61 91 93 
93 64 61 
64 93 94 
94 66 64 
94 95 68 
68 66 94 
95 96 70 
70 68 95 
96 117 114 
114 70 96 
110 52 55 
32 31 30 
33 32 30 
35 34 30 
31 35 30 
123 121 122 
122 227 123 
227 122 124 
124 228 227 
229 228 124 
124 224 229 
126 229 224 
224 125 126 
126 125 127 
127 128 126 
128 127 208 
208 209 128 
193 190 191 
191 192 193 
197 194 195 
195 196 197 
138 139 129 
129 137 138 
138 137 140 
140 141 138 
141 140 130 
130 142 141 
199 191 190 
190 198 199 
139 138 143 
143 144 139 
138 141 145 
145 143 138 
145 141 142 
142 146 145 
199 198 200 
200 201 199 
144 143 147 
147 148 144 
143 145 149 
149 147 143 
149 145 146 
146 150 149 
201 200 202 
202 203 201 
134 133 148 
148 147 134 
135 134 147 
147 149 135 
136 135 149 
149 150 136 
194 197 203 
203 202 194 
129 123 227 
227 137 129 
227 228 140 
140 137 227 
228 229 130 
130 140 228 
206 204 152 
152 205 206 
126 128 132 
132 131 126 
132 128 209 
209 210 132 
207 156 192 
192 191 207 
157 155 223 
223 221 157 
157 221 222 
222 158 157 
158 222 192 
192 156 158 
156 207 205 
205 152 156 
155 157 154 
154 153 155 
157 158 151 
151 154 157 
158 156 152 
152 151 158 
159 225 226 
159 162 225 
159 163 162 
159 164 163 
159 165 215 
159 226 165 
166 167 161 
161 160 166 
168 166 160 
160 216 168 
169 168 216 
216 217 169 
170 169 217 
217 218 170 
171 211 220 
220 219 171 
167 171 219 
219 161 167 
172 173 167 
167 166 172 
174 172 166 
166 168 174 
175 174 168 
168 169 175 
176 175 169 
169 170 176 
177 212 211 
211 171 177 
173 177 171 
171 167 173 
224 124 178 
178 179 224 
125 224 179 
179 180 125 
127 125 180 
180 181 127 
208 127 181 
181 182 208 
122 121 213 
213 183 122 
124 122 183 
183 178 124 
172 184 185 
185 173 172 
174 186 184 
184 172 174 
175 187 186 
186 174 175 
176 188 187 
187 175 176 
177 189 214 
214 212 177 
173 185 189 
189 177 173 
184 179 178 
178 185 184 
186 180 179 
179 184 186 
187 181 180 
180 186 187 
188 182 181 
181 187 188 
189 183 213 
213 214 189 
185 178 183 
183 189 185 
232 233 230 
230 231 232 
236 237 234 
234 235 236 
240 241 238 
238 239 240 
244 245 242 
242 243 244 
246 247 230 
230 233 246 
246 261 238 
238 247 246 
248 249 234 
234 237 248 
250 231 230 
230 247 250 
250 247 238 
238 241 250 
248 243 242 
242 249 248 
251 235 234 
234 249 251 
251 249 242 
242 245 251 
254 255 252 
252 253 254 
241 262 256 
256 257 241 
252 250 258 
258 253 252 
258 250 241 
241 257 258 
253 260 259 
259 254 253 
256 244 243 
243 257 256 
260 253 258 
243 248 258 
258 257 243 
258 248 237 
237 260 258 
259 260 237 
237 236 259 
250 252 231 
255 232 231 
231 252 255 
265 264 263 
263 266 265 
268 267 264 
264 265 268 
271 270 269 
269 272 271 
266 263 270 
270 271 266 
274 273 265 
265 266 274 
275 268 265 
265 273 275 
277 276 271 
271 272 277 
276 274 266 
266 271 276 
274 279 278 
278 273 274 
273 278 280 
280 275 273 
282 281 276 
276 277 282 
281 279 274 
274 276 281 
286 285 284 
284 283 286 
285 288 287 
287 284 285 
292 291 290 
290 289 292 
294 293 290 
290 291 294 
297 296 295 
295 298 297 
300 299 296 
296 297 300 
304 303 302 
302 301 304 
306 305 302 
302 303 306 
308 307 305 
305 306 308 
308 310 309 
309 307 308 
310 312 311 
311 309 310 
314 313 311 
311 312 314 
317 316 315 
315 318 317 
320 319 316 
316 317 320 
322 321 319 
319 320 322 
322 324 323 
323 321 322 
324 326 325 
325 323 324 
326 328 327 
327 325 326 
331 330 329 
329 332 331 
330 334 333 
333 329 330 
334 336 335 
335 333 334 
335 336 338 
338 337 335 
337 338 340 
340 339 337 
339 340 342 
342 341 339 
343 287 288 
288 292 343 
294 298 295 
295 344 294 
298 294 345 
292 288 345 
345 291 292 
347 346 330 
330 331 347 
346 348 334 
334 330 346 
348 349 336 
336 334 348 
336 349 350 
350 338 336 
338 350 351 
351 340 338 
340 351 352 
352 342 340 
315 316 303 
303 304 315 
316 319 306 
306 303 316 
306 319 321 
321 308 306 
321 323 310 
310 308 321 
310 323 325 
325 312 310 
312 325 327 
327 314 312 
353 283 284 
284 354 353 
354 284 287 
287 355 354 
356 295 296 
296 357 356 
357 296 299 
299 358 357 
359 289 290 
290 360 359 
360 290 293 
293 361 360 
355 287 343 
343 362 355 
363 344 295 
295 356 363 
367 366 365 
365 364 367 
366 369 368 
368 365 366 
367 364 370 
371 368 369 
301 302 346 
346 347 301 
302 305 348 
348 346 302 
305 307 349 
349 348 305 
349 307 309 
309 350 349 
350 309 311 
311 351 350 
351 311 313 
313 352 351 
345 294 291 
372 374 373 
375 374 372 
376 374 377 
373 374 376 
381 380 379 
379 378 381 
380 383 382 
382 379 380 
385 384 382 
382 383 385 
387 386 384 
384 385 387 
387 389 388 
388 386 387 
389 391 390 
390 388 389 
395 394 393 
393 392 395 
399 398 397 
397 396 399 
402 401 400 
400 403 402 
402 405 404 
404 401 402 
405 407 406 
406 404 405 
409 408 392 
392 393 409 
403 411 410 
410 402 403 
402 410 412 
412 405 402 
412 413 407 
407 405 412 
409 415 414 
414 408 409 
411 417 416 
416 410 411 
410 416 418 
418 412 410 
418 419 413 
413 412 418 
415 421 420 
420 414 415 
422 416 417 
417 423 422 
424 418 416 
416 422 424 
425 419 418 
418 424 425 
396 420 421 
421 399 396 
400 401 380 
380 381 400 
380 401 404 
404 383 380 
383 404 406 
406 385 383 
429 428 427 
427 426 429 
387 431 430 
430 389 387 
430 432 391 
391 389 430 
433 393 394 
394 434 433 
437 436 435 
435 438 437 
437 440 439 
439 436 437 
440 434 394 
394 439 440 
434 427 428 
428 433 434 
438 442 441 
441 437 438 
437 441 443 
443 440 437 
440 443 427 
427 434 440 
444 446 445 
444 445 447 
444 447 448 
444 448 449 
444 451 450 
444 450 446 
454 453 452 
452 455 454 
457 456 453 
453 454 457 
459 458 456 
456 457 459 
461 460 458 
458 459 461 
464 463 462 
462 465 464 
455 452 463 
463 464 455 
466 454 455 
455 467 466 
468 457 454 
454 466 468 
469 459 457 
457 468 469 
470 461 459 
459 469 470 
471 464 465 
465 472 471 
467 455 464 
464 471 467 
384 474 473 
473 382 384 
386 475 474 
474 384 386 
388 476 475 
475 386 388 
390 477 476 
476 388 390 
379 479 478 
478 378 379 
382 473 479 
479 379 382 
466 467 481 
481 480 466 
468 466 480 
480 482 468 
469 468 482 
482 483 469 
470 469 483 
483 484 470 
471 472 486 
486 485 471 
467 471 485 
485 481 467 
480 481 473 
473 474 480 
482 480 474 
474 475 482 
483 482 475 
475 476 483 
484 483 476 
476 477 484 
485 486 478 
478 479 485 
481 485 479 
479 473 481 
489 488 487 
487 490 489 
493 492 491 
491 494 493 
497 496 495 
495 498 497 
501 500 499 
499 502 501 
503 490 487 
487 504 503 
503 504 495 
495 505 503 
506 494 491 
491 507 506 
508 504 487 
487 488 508 
508 498 495 
495 504 508 
506 507 499 
499 500 506 
509 507 491 
491 492 509 
509 502 499 
499 507 509 
512 511 510 
510 513 512 
498 516 515 
515 514 498 
510 511 517 
517 508 510 
517 516 498 
498 508 517 
511 512 518 
518 519 511 
515 516 500 
500 501 515 
519 517 511 
500 516 517 
517 506 500 
517 519 494 
494 506 517 
518 493 494 
494 519 518 
508 488 510 
513 510 488 
488 489 513 
522 523 520 
520 521 522 
524 525 523 
523 567 524 
521 520 526 
526 527 521 
530 531 528 
528 529 530 
525 524 532 
532 533 525 
530 529 534 
534 535 530 
535 534 536 
536 537 535 
523 525 533 
533 538 523 
520 523 538 
538 526 520 
526 537 539 
539 527 526 
531 530 533 
533 532 531 
533 530 535 
535 538 533 
538 535 537 
537 526 538 
541 534 529 
529 540 541 
541 542 536 
536 534 541 
528 543 540 
540 529 528 
544 539 537 
537 536 544 
542 545 544 
544 536 542 
562 561 546 
546 547 562 
524 567 547 
547 548 524 
561 563 549 
549 546 561 
550 551 528 
528 531 550 
548 552 532 
532 524 548 
550 553 554 
554 551 550 
553 555 556 
556 554 553 
547 557 552 
552 548 547 
546 549 557 
557 547 546 
549 563 564 
564 555 549 
531 532 552 
552 550 531 
552 557 553 
553 550 552 
557 549 555 
555 553 557 
558 559 551 
551 554 558 
558 554 556 
556 560 558 
528 551 559 
559 543 528 
565 556 555 
555 564 565 
560 556 565 
565 566 560 
x monster assets\texters\monster\monster.png
b monster monster monster 1
0 737 monster
t monster
{ n RootNode
 { n monster b monster  }
 { n root t 0 0.49223 0 
  { n spine_low t 0.000893 0.001353 0 r 0 0 0.111293 m 1 0 0 -0.000893 0 1 0 -0.509589 0 0 1 0 
   { n spine_up t -0.000893 0.169014 -0 m 1 0 0 -0 0 1 0 -0.678603 0 0 1 0 
    { n neck t -0 0.17919 -0 r 0 0 -0.113399 m 1 0 0 0 0 1 0 -0.857793 0 0 1 0 
     { n head_center t 0 0.235682 0.152027 m 1 0 0 -0 0 1 0 -1.093474 0 0 1 -0.152027 
      { n head_end t 0 0.229075 0.220876 m 1 0 0 -0 0 1 0 -1.322549 0 0 1 -0.372903  }
     }
    }
    { n l_arm_up t 0.121759 0.068932 -0 r 0 0 -0.121965 m 1 0 0 -0.121759 0 1 0 -0.747535 0 0 1 0 
     { n l_arm_low t 0.224651 0.00103 0.015127 m 1 0 0 -0.34641 0 1 0 -0.748565 0 0 1 -0.015127 
      { n l_hand t 0.330585 0.005608 -0.00778 
       { n l_weapon_end t -0.000123 0.668191 0  }
      }
     }
    }
    { n r_arm_up t -0.121759 0.068932 0 r 0 0 -0.161148 m 1 0 0 0.121759 0 1 0 -0.747535 0 0 1 -0 
     { n r_arm_low t -0.224651 0.00103 0.015127 m 1 0 0 0.34641 0 1 0 -0.748565 0 0 1 -0.015127 
      { n r_hand t -0.330585 0.005608 -0.00778 
       { n r_weapon_end t 0.000123 0.668187 -0  }
      }
     }
    }
   }
  }
  { n hip t 0 -0.000817 0 r 0 0 -0.190097 m 1 0 0 0 0 1 0 -0.507419 0 0 1 0 
   { n r_leg_up t -0.115809 -0.054496 0 r 0.09634 -0.001038 0.201648 m 1 0 0 0.115809 0 1 0 -0.452923 0 0 1 -0 
    { n r_leg_low t -0 -0.188901 0.009618 r -0.19305 0.001044 0.019487 m 1 0 0 0.115809 0 1 0 -0.264022 0 0 1 -0.009618 
     { n r_foot t -0.003737 -0.189708 -0.027158 r 0.120236 0.005129 -0.030661 m 1 0 0 0.119546 0 1 0 -0.074314 0 0 1 0.01754 
      { n r_foot_end t 0.000375 -0.056059 0.200414 m 1 0 0 0.119171 0 1 0 -0.018255 0 0 1 -0.182874  }
     }
    }
   }
   { n l_leg_up t 0.115809 -0.054497 -0 r -0.351721 -0.010072 0.200814 m 1 0 0 -0.115809 0 1 0 -0.452923 0 0 1 0 
    { n l_leg_low t 0 -0.188901 0.009618 r 0.707693 0.003657 0.071828 m 1 0 0 -0.115809 0 1 0 -0.264022 0 0 1 -0.009618 
     { n l_foot t 0.003737 -0.189708 -0.027158 r -0.353971 -0.043717 -0.065809 m 1 0 0 -0.119546 0 1 0 -0.074314 0 0 1 0.01754 
      { n l_foot_end t -0.000375 -0.056059 0.200414 m 1 0 0 -0.119171 0 1 0 -0.018255 0 0 1 -0.182874  }
     }
    }
   }
  }
 }
 { n l_gr_foot t 0.118723 0 0 
  { n ikHandle1 t 0.000823 0.074314 -0.01754  }
  { n ikHandle2 t 0.000448 0.018255 0.182874  }
 }
 { n r_gr_foot t -0.120806 0 0 
  { n ikHandle3 t 0.00126 0.074314 -0.01754  }
  { n ikHandle4 t 0.001635 0.018255 0.182874  }
 }
}
a furifuri 31
{
 n RootNode 0
 n monster 0
 n root 3
  c tx 17
   d 0 0 3 0 0 
   d 1 0 3 -0 0 
   d 2 0 3 -0 0 
   d 3 0 3 -0 0 
   d 5 0 3 -0 0 
   d 6 0 3 -0 0 
   d 7 0 3 -0 0 
   d 8 0 3 -0 0 
   d 10 0 3 -0 0 
   d 11 0 3 -0 0 
   d 12 0 3 -0 0 
   d 13 0 3 -0 0 
   d 15 0 3 -0 0 
   d 16 0 3 -0 0 
   d 17 0 3 -0 0 
   d 18 0 3 -0 0 
   d 20 0 3 -0 0 
  c ty 17
   d 0 0.49223 3 0 0 
   d 1 0.49223 3 -0 0 
   d 2 0.49223 3 -0 0 
   d 3 0.49223 3 -0 0 
   d 5 0.49223 3 -0 0 
   d 6 0.49223 3 -0 0 
   d 7 0.49223 3 -0 0 
   d 8 0.49223 3 -0 0 
   d 10 0.49223 3 -0 0 
   d 11 0.49223 3 -0 0 
   d 12 0.49223 3 -0 0 
   d 13 0.49223 3 -0 0 
   d 15 0.49223 3 -0 0 
   d 16 0.49223 3 -0 0 
   d 17 0.49223 3 -0 0 
   d 18 0.49223 3 -0 0 
   d 20 0.49223 3 -0 0 
  c tz 17
   d 0 0 3 0 0 
   d 1 0 3 -0 0 
   d 2 0 3 -0 0 
   d 3 0 3 -0 0 
   d 5 0 3 -0 0 
   d 6 0 3 -0 0 
   d 7 0 3 -0 0 
   d 8 0 3 -0 0 
   d 10 0 3 -0 0 
   d 11 0 3 -0 0 
   d 12 0 3 -0 0 
   d 13 0 3 -0 0 
   d 15 0 3 -0 0 
   d 16 0 3 -0 0 
   d 17 0 3 -0 0 
   d 18 0 3 -0 0 
   d 20 0 3 -0 0 
 n spine_low 3
  c rx 17
   d 0 0 3 0 0 
   d 1 0 3 0 0 
   d 2 0 3 0 0 
   d 3 0 3 0 0 
   d 5 0 3 0 0 
   d 6 0 3 0 0 
   d 7 0 3 0 0 
   d 8 0 3 0 0 
   d 10 0 3 0 0 
   d 11 0 3 0 0 
   d 12 0 3 0 0 
   d 13 0 3 0 0 
   d 15 0 3 0 0 
   d 16 0 3 0 0 
   d 17 0 3 0 0 
   d 18 0 3 0 0 
   d 20 0 3 0 0 
  c ry 17
   d 0 0 3 0 0 
   d 1 0 3 0 0 
   d 2 0 3 0 0 
   d 3 0 3 0 0 
   d 5 0 3 0 0 
   d 6 0 3 0 0 
   d 7 0 3 0 0 
   d 8 0 3 0 0 
   d 10 0 3 0 0 
   d 11 0 3 0 0 
   d 12 0 3 0 0 
   d 13 0 3 0 0 
   d 15 0 3 0 0 
   d 16 0 3 0 0 
   d 17 0 3 0 0 
   d 18 0 3 0 0 
   d 20 0 3 0 0 
  c rz 17
   d 0 0.111293 3 0 0 
   d 1 0.101791 3 -0.013959 -0.013959 
   d 2 0.076741 3 -0.024428 -0.024428 
   d 3 0.041326 3 -0.030709 -0.030709 
   d 5 0.000728 3 -0.032803 -0.032803 
   d 6 -0.03987 3 -0.030709 -0.030709 
   d 7 -0.075285 3 -0.024428 -0.024428 
   d 8 -0.100335 3 -0.013959 -0.013959 
   d 10 -0.109837 3 0 0 
   d 11 -0.100335 3 0.013959 0.013959 
   d 12 -0.075285 3 0.024428 0.024428 
   d 13 -0.03987 3 0.030709 0.030709 
   d 15 0.000728 3 0.032803 0.032803 
   d 16 0.041326 3 0.030709 0.030709 
   d 17 0.076741 3 0.024428 0.024428 
   d 18 0.101791 3 0.013959 0.013959 
   d 20 0.111293 3 0 0 
 n spine_up 0
 n neck 3
  c rx 17
   d 0 0 3 0 0 
   d 1 0 3 0 0 
   d 2 0 3 0 0 
   d 3 0 3 0 0 
   d 5 0 3 0 0 
   d 6 0 3 0 0 
   d 7 0 3 0 0 
   d 8 0 3 0 0 
   d 10 0 3 0 0 
   d 11 0 3 0 0 
   d 12 0 3 0 0 
   d 13 0 3 0 0 
   d 15 0 3 0 0 
   d 16 0 3 0 0 
   d 17 0 3 0 0 
   d 18 0 3 0 0 
   d 20 0 3 0 0 
  c ry 17
   d 0 0 3 0 0 
   d 1 0 3 0 0 
   d 2 0 3 0 0 
   d 3 0 3 0 0 
   d 5 0 3 0 0 
   d 6 0 3 0 0 
   d 7 0 3 0 0 
   d 8 0 3 0 0 
   d 10 0 3 0 0 
   d 11 0 3 0 0 
   d 12 0 3 0 0 
   d 13 0 3 0 0 
   d 15 0 3 0 0 
   d 16 0 3 0 0 
   d 17 0 3 0 0 
   d 18 0 3 0 0 
   d 20 0 3 0 0 
  c rz 17
   d 0 -0.113399 3 0 0 
   d 1 -0.104126 3 0.013623 0.013623 
   d 2 -0.079678 3 0.02384 0.02384 
   d 3 -0.045115 3 0.029971 0.029971 
   d 5 -0.005493 3 0.032014 0.032014 
   d 6 0.034128 3 0.029971 0.029971 
   d 7 0.068692 3 0.02384 0.02384 
   d 8 0.093139 3 0.013623 0.013623 
   d 10 0.102412 3 0 0 
   d 11 0.093139 3 -0.013623 -0.013623 
   d 12 0.068692 3 -0.02384 -0.02384 
   d 13 0.034128 3 -0.029971 -0.029971 
   d 15 -0.005493 3 -0.032014 -0.032014 
   d 16 -0.045115 3 -0.029971 -0.029971 
   d 17 -0.079678 3 -0.02384 -0.02384 
   d 18 -0.104126 3 -0.013623 -0.013623 
   d 20 -0.113399 3 0 0 
 n head_center 0
 n head_end 0
 n l_arm_up 3
  c rx 17
   d 0 0 3 0 0 
   d 1 0 3 0 0 
   d 2 0 3 0 0 
   d 3 0 3 0 0 
   d 5 0 3 0 0 
   d 6 0 3 0 0 
   d 7 0 3 0 0 
   d 8 0 3 0 0 
   d 10 0 3 0 0 
   d 11 0 3 0 0 
   d 12 0 3 0 0 
   d 13 0 3 0 0 
   d 15 0 3 0 0 
   d 16 0 3 0 0 
   d 17 0 3 0 0 
   d 18 0 3 0 0 
   d 20 0 3 0 0 
  c ry 17
   d 0 0 3 0 0 
   d 1 0 3 0 0 
   d 2 0 3 0 0 
   d 3 0 3 0 0 
   d 5 0 3 0 0 
   d 6 0 3 0 0 
   d 7 0 3 0 0 
   d 8 0 3 0 0 
   d 10 0 3 0 0 
   d 11 0 3 0 0 
   d 12 0 3 0 0 
   d 13 0 3 0 0 
   d 15 0 3 0 0 
   d 16 0 3 0 0 
   d 17 0 3 0 0 
   d 18 0 3 0 0 
   d 20 0 3 0 0 
  c rz 17
   d 0 -0.121965 3 0 0 
   d 1 -0.111424 3 0.015486 0.015486 
   d 2 -0.083632 3 0.027101 0.027101 
   d 3 -0.044341 3 0.03407 0.03407 
   d 5 0.0007 3 0.036393 0.036393 
   d 6 0.045741 3 0.03407 0.03407 
   d 7 0.085032 3 0.027101 0.027101 
   d 8 0.112823 3 0.015486 0.015486 
   d 10 0.123365 3 0 0 
   d 11 0.112823 3 -0.015486 -0.015486 
   d 12 0.085032 3 -0.027101 -0.027101 
   d 13 0.045741 3 -0.03407 -0.03407 
   d 15 0.0007 3 -0.036393 -0.036393 
   d 16 -0.044341 3 -0.03407 -0.03407 
   d 17 -0.083632 3 -0.027101 -0.027101 
   d 18 -0.111424 3 -0.015486 -0.015486 
   d 20 -0.121965 3 0 0 
 n l_arm_low 0
 n l_hand 0
 n l_weapon_end 0
 n r_arm_up 3
  c rx 17
   d 0 0 3 0 0 
   d 1 0 3 0 0 
   d 2 0 3 0 0 
   d 3 0 3 0 0 
   d 5 0 3 0 0 
   d 6 0 3 0 0 
   d 7 0 3 0 0 
   d 8 0 3 0 0 
   d 10 0 3 0 0 
   d 11 0 3 0 0 
   d 12 0 3 0 0 
   d 13 0 3 0 0 
   d 15 0 3 0 0 
   d 16 0 3 0 0 
   d 17 0 3 0 0 
   d 18 0 3 0 0 
   d 20 0 3 0 0 
  c ry 17
   d 0 0 3 0 0 
   d 1 0 3 0 0 
   d 2 0 3 0 0 
   d 3 0 3 0 0 
   d 5 0 3 0 0 
   d 6 0 3 0 0 
   d 7 0 3 0 0 
   d 8 0 3 0 0 
   d 10 0 3 0 0 
   d 11 0 3 0 0 
   d 12 0 3 0 0 
   d 13 0 3 0 0 
   d 15 0 3 0 0 
   d 16 0 3 0 0 
   d 17 0 3 0 0 
   d 18 0 3 0 0 
   d 20 0 3 0 0 
  c rz 17
   d 0 -0.161148 3 0 0 
   d 1 -0.150746 3 0.015281 0.015281 
   d 2 -0.123324 3 0.026742 0.026742 
   d 3 -0.084554 3 0.033618 0.033618 
   d 5 -0.040111 3 0.03591 0.03591 
   d 6 0.004332 3 0.033618 0.033618 
   d 7 0.043102 3 0.026742 0.026742 
   d 8 0.070524 3 0.015281 0.015281 
   d 10 0.080926 3 0 0 
   d 11 0.070524 3 -0.015281 -0.015281 
   d 12 0.043102 3 -0.026742 -0.026742 
   d 13 0.004332 3 -0.033618 -0.033618 
   d 15 -0.040111 3 -0.03591 -0.03591 
   d 16 -0.084554 3 -0.033618 -0.033618 
   d 17 -0.123324 3 -0.026742 -0.026742 
   d 18 -0.150746 3 -0.015281 -0.015281 
   d 20 -0.161148 3 0 0 
 n r_arm_low 0
 n r_hand 0
 n r_weapon_end 0
 n hip 3
  c rx 17
   d 0 0 3 0 0 
   d 1 0 3 0 0 
   d 2 0 3 0 0 
   d 3 0 3 0 0 
   d 5 0 3 0 0 
   d 6 0 3 0 0 
   d 7 0 3 0 0 
   d 8 0 3 0 0 
   d 10 0 3 0 0 
   d 11 0 3 0 0 
   d 12 0 3 0 0 
   d 13 0 3 0 0 
   d 15 0 3 0 0 
   d 16 0 3 0 0 
   d 17 0 3 0 0 
   d 18 0 3 0 0 
   d 20 0 3 0 0 
  c ry 17
   d 0 0 3 0 0 
   d 1 0 3 0 0 
   d 2 0 3 0 0 
   d 3 0 3 0 0 
   d 5 0 3 0 0 
   d 6 0 3 0 0 
   d 7 0 3 0 0 
   d 8 0 3 0 0 
   d 10 0 3 0 0 
   d 11 0 3 0 0 
   d 12 0 3 0 0 
   d 13 0 3 0 0 
   d 15 0 3 0 0 
   d 16 0 3 0 0 
   d 17 0 3 0 0 
   d 18 0 3 0 0 
   d 20 0 3 0 0 
  c rz 17
   d 0 -0.190097 3 0 0 
   d 1 -0.175123 3 0.021999 0.021999 
   d 2 -0.135645 3 0.038498 0.038498 
   d 3 -0.079832 3 0.048397 0.048397 
   d 5 -0.015851 3 0.051697 0.051697 
   d 6 0.048131 3 0.048397 0.048397 
   d 7 0.103944 3 0.038498 0.038498 
   d 8 0.143422 3 0.021999 0.021999 
   d 10 0.158396 3 0 0 
   d 11 0.143422 3 -0.021999 -0.021999 
   d 12 0.103944 3 -0.038498 -0.038498 
   d 13 0.048131 3 -0.048397 -0.048397 
   d 15 -0.015851 3 -0.051697 -0.051697 
   d 16 -0.079832 3 -0.048397 -0.048397 
   d 17 -0.135645 3 -0.038498 -0.038498 
   d 18 -0.175123 3 -0.021999 -0.021999 
   d 20 -0.190097 3 0 0 
 n r_leg_up 3
  c rx 17
   d 0 0.09634 3 0 0.002991 
   d 1 0.100041 3 -0.027662 -0.027662 
   d 2 0.027869 3 -0.08629 -0.08629 
   d 3 -0.113549 3 -0.088861 -0.088861 
   d 5 -0.192084 3 -0.055993 -0.055993 
   d 6 -0.252146 3 -0.041828 -0.041828 
   d 7 -0.295619 3 -0.028535 -0.028535 
   d 8 -0.322777 3 -0.014854 -0.014854 
   d 10 -0.332387 3 0 0 
   d 11 -0.322777 3 0.014854 0.014854 
   d 12 -0.295619 3 0.028535 0.028535 
   d 13 -0.252146 3 0.041828 0.041828 
   d 15 -0.192084 3 0.055993 0.055993 
   d 16 -0.113549 3 0.088861 0.088861 
   d 17 0.027869 3 0.08629 0.08629 
   d 18 0.100041 3 0.027662 0.027662 
   d 20 0.09634 3 -0.002991 0 
  c ry 17
   d 0 -0.001038 3 0 0.000039 
   d 1 -0.000989 3 0.000149 0.000149 
   d 2 -0.000668 3 0.000702 0.000702 
   d 3 0.000748 3 0.001416 0.001416 
   d 5 0.002838 3 0.001733 0.001733 
   d 6 0.005037 3 0.001685 0.001685 
   d 7 0.007008 3 0.001364 0.001364 
   d 8 0.008414 3 0.000783 0.000783 
   d 10 0.008945 3 -0 0 
   d 11 0.008414 3 -0.000783 -0.000783 
   d 12 0.007008 3 -0.001364 -0.001364 
   d 13 0.005037 3 -0.001685 -0.001685 
   d 15 0.002838 3 -0.001733 -0.001733 
   d 16 0.000748 3 -0.001416 -0.001416 
   d 17 -0.000668 3 -0.000702 -0.000702 
   d 18 -0.000989 3 -0.000149 -0.000149 
   d 20 -0.001038 3 -0.000039 0 
  c rz 17
   d 0 0.201647 3 0 -0.01331 
   d 1 0.185175 3 -0.0211 -0.0211 
   d 2 0.149419 3 -0.033866 -0.033866 
   d 3 0.101349 3 -0.046008 -0.046008 
   d 5 0.035539 3 -0.054848 -0.054848 
   d 6 -0.034413 3 -0.05405 -0.05405 
   d 7 -0.098248 3 -0.044571 -0.044571 
   d 8 -0.144738 3 -0.025966 -0.025966 
   d 10 -0.162521 3 0 0 
   d 11 -0.144738 3 0.025966 0.025966 
   d 12 -0.098248 3 0.044571 0.044571 
   d 13 -0.034413 3 0.05405 0.05405 
   d 15 0.035539 3 0.054848 0.054848 
   d 16 0.101349 3 0.046008 0.046008 
   d 17 0.149419 3 0.033866 0.033866 
   d 18 0.185175 3 0.0211 0.0211 
   d 20 0.201647 3 0.01331 0 
 n r_leg_low 3
  c rx 17
   d 0 -0.19305 3 0 -0.005589 
   d 1 -0.199968 3 0.055602 0.055602 
   d 2 -0.055422 3 0.172547 0.172547 
   d 3 0.22713 3 0.177905 0.177905 
   d 5 0.384938 3 0.112674 0.112674 
   d 6 0.506026 3 0.084429 0.084429 
   d 7 0.593921 3 0.057739 0.057739 
   d 8 0.648944 3 0.030105 0.030105 
   d 10 0.668438 3 -0 -0 
   d 11 0.648944 3 -0.030105 -0.030105 
   d 12 0.593921 3 -0.057739 -0.057739 
   d 13 0.506026 3 -0.084429 -0.084429 
   d 15 0.384938 3 -0.112674 -0.112674 
   d 16 0.22713 3 -0.177905 -0.177905 
   d 17 -0.055422 3 -0.172547 -0.172547 
   d 18 -0.199968 3 -0.055602 -0.055602 
   d 20 -0.19305 3 0.005589 0 
  c ry 17
   d 0 0.001044 3 0 0.00003 
   d 1 0.001081 3 -0.000297 -0.000297 
   d 2 0.00031 3 -0.000911 -0.000911 
   d 3 -0.001175 3 -0.000929 -0.000929 
   d 5 -0.001989 3 -0.000582 -0.000582 
   d 6 -0.002615 3 -0.000436 -0.000436 
   d 7 -0.003069 3 -0.000298 -0.000298 
   d 8 -0.003354 3 -0.000156 -0.000156 
   d 10 -0.003455 3 -0 0 
   d 11 -0.003354 3 0.000156 0.000156 
   d 12 -0.003069 3 0.000298 0.000298 
   d 13 -0.002615 3 0.000436 0.000436 
   d 15 -0.001989 3 0.000582 0.000582 
   d 16 -0.001175 3 0.000929 0.000929 
   d 17 0.00031 3 0.000911 0.000911 
   d 18 0.001081 3 0.000297 0.000297 
   d 20 0.001044 3 -0.00003 0 
  c rz 17
   d 0 0.019487 3 0 0.000565 
   d 1 0.020187 3 -0.005622 -0.005622 
   d 2 0.005572 3 -0.017468 -0.017468 
   d 3 -0.023051 3 -0.018036 -0.018036 
   d 5 -0.039071 3 -0.011437 -0.011437 
   d 6 -0.051362 3 -0.00857 -0.00857 
   d 7 -0.060283 3 -0.005861 -0.005861 
   d 8 -0.065868 3 -0.003056 -0.003056 
   d 10 -0.067847 3 -0 0 
   d 11 -0.065868 3 0.003056 0.003056 
   d 12 -0.060283 3 0.005861 0.005861 
   d 13 -0.051362 3 0.00857 0.00857 
   d 15 -0.039071 3 0.011437 0.011437 
   d 16 -0.023051 3 0.018036 0.018036 
   d 17 0.005572 3 0.017468 0.017468 
   d 18 0.020187 3 0.005622 0.005622 
   d 20 0.019487 3 -0.000565 0 
 n r_foot 3
  c rx 17
   d 0 0.120236 3 0 -0.004697 
   d 1 0.114423 3 -0.037287 -0.037287 
   d 2 0.027942 3 -0.092143 -0.092143 
   d 3 -0.113654 3 -0.089157 -0.089157 
   d 5 -0.192742 3 -0.056482 -0.056482 
   d 6 -0.25346 3 -0.04229 -0.04229 
   d 7 -0.297422 3 -0.028838 -0.028838 
   d 8 -0.32484 3 -0.01499 -0.01499 
   d 10 -0.334526 3 -0 0 
   d 11 -0.32484 3 0.01499 0.01499 
   d 12 -0.297422 3 0.028838 0.028838 
   d 13 -0.25346 3 0.04229 0.04229 
   d 15 -0.192742 3 0.056482 0.056482 
   d 16 -0.113654 3 0.089157 0.089157 
   d 17 0.027942 3 0.092143 0.092143 
   d 18 0.114423 3 0.037287 0.037287 
   d 20 0.120236 3 0.004697 0 
  c ry 17
   d 0 0.005129 3 0 -0.00018 
   d 1 0.004906 3 -0.001099 -0.001099 
   d 2 0.002409 3 -0.000754 -0.000754 
   d 3 0.003039 3 0.003049 0.003049 
   d 5 0.009956 3 0.006391 0.006391 
   d 6 0.018858 3 0.007245 0.007245 
   d 7 0.027891 3 0.006476 0.006476 
   d 8 0.034888 3 0.00394 0.00394 
   d 10 0.037643 3 -0 0 
   d 11 0.034888 3 -0.00394 -0.00394 
   d 12 0.027891 3 -0.006476 -0.006476 
   d 13 0.018858 3 -0.007245 -0.007245 
   d 15 0.009956 3 -0.006391 -0.006391 
   d 16 0.003039 3 -0.003049 -0.003049 
   d 17 0.002409 3 0.000754 0.000754 
   d 18 0.004906 3 0.001099 0.001099 
   d 20 0.005129 3 0.00018 0 
  c rz 17
   d 0 -0.030661 3 0 0.000671 
   d 1 -0.02983 3 0.004629 0.004629 
   d 2 -0.019202 3 0.012389 0.012389 
   d 3 0.000836 3 0.014499 0.014499 
   d 5 0.016687 3 0.012477 0.012477 
   d 6 0.03172 3 0.011387 0.011387 
   d 7 0.044872 3 0.009145 0.009145 
   d 8 0.054355 3 0.005296 0.005296 
   d 10 0.057982 3 -0 0 
   d 11 0.054355 3 -0.005296 -0.005296 
   d 12 0.044872 3 -0.009145 -0.009145 
   d 13 0.03172 3 -0.011387 -0.011387 
   d 15 0.016687 3 -0.012477 -0.012477 
   d 16 0.000836 3 -0.014499 -0.014499 
   d 17 -0.019202 3 -0.012389 -0.012389 
   d 18 -0.02983 3 -0.004629 -0.004629 
   d 20 -0.030661 3 -0.000671 0 
 n r_foot_end 3
  c rx 17
   d 0 0 3 0 0 
   d 1 0 3 -0 0 
   d 2 0 3 -0 0 
   d 3 0 3 -0 0 
   d 5 0 3 -0 0 
   d 6 0 3 -0 0 
   d 7 0 3 -0 0 
   d 8 0 3 -0 0 
   d 10 0 3 -0 0 
   d 11 0 3 -0 0 
   d 12 0 3 -0 0 
   d 13 0 3 -0 0 
   d 15 0 3 -0 0 
   d 16 0 3 -0 0 
   d 17 0 3 -0 0 
   d 18 0 3 -0 0 
   d 20 0 3 -0 0 
  c ry 17
   d 0 0 3 0 0 
   d 1 0 3 -0 0 
   d 2 0 3 -0 0 
   d 3 0 3 -0 0 
   d 5 0 3 -0 0 
   d 6 0 3 -0 0 
   d 7 0 3 -0 0 
   d 8 0 3 -0 0 
   d 10 0 3 -0 0 
   d 11 0 3 -0 0 
   d 12 0 3 -0 0 
   d 13 0 3 -0 0 
   d 15 0 3 -0 0 
   d 16 0 3 -0 0 
   d 17 0 3 -0 0 
   d 18 0 3 -0 0 
   d 20 0 3 -0 0 
  c rz 17
   d 0 0 3 0 0 
   d 1 0 3 -0 0 
   d 2 0 3 -0 0 
   d 3 0 3 -0 0 
   d 5 0 3 -0 0 
   d 6 0 3 -0 0 
   d 7 0 3 -0 0 
   d 8 0 3 -0 0 
   d 10 0 3 -0 0 
   d 11 0 3 -0 0 
   d 12 0 3 -0 0 
   d 13 0 3 -0 0 
   d 15 0 3 -0 0 
   d 16 0 3 -0 0 
   d 17 0 3 -0 0 
   d 18 0 3 -0 0 
   d 20 0 3 -0 0 
 n l_leg_up 3
  c rx 17
   d 0 -0.351721 3 0 0.007217 
   d 1 -0.342789 3 0.013778 0.013778 
   d 2 -0.317616 3 0.026321 0.026321 
   d 3 -0.277639 3 0.03802 0.03802 
   d 5 -0.223506 3 0.049336 0.049336 
   d 6 -0.15552 3 0.06024 0.06024 
   d 7 -0.074397 3 0.085993 0.085993 
   d 8 0.057332 3 0.069166 0.069166 
   d 10 0.096807 3 0 0 
   d 11 0.057332 3 -0.069166 -0.069166 
   d 12 -0.074397 3 -0.085993 -0.085993 
   d 13 -0.15552 3 -0.06024 -0.06024 
   d 15 -0.223506 3 -0.049336 -0.049336 
   d 16 -0.277639 3 -0.03802 -0.03802 
   d 17 -0.317616 3 -0.026321 -0.026321 
   d 18 -0.342789 3 -0.013778 -0.013778 
   d 20 -0.351721 3 -0.007217 0 
  c ry 17
   d 0 -0.010072 3 0 0.000428 
   d 1 -0.009542 3 0.000783 0.000783 
   d 2 -0.008134 3 0.00137 0.00137 
   d 3 -0.006151 3 0.001703 0.001703 
   d 5 -0.003919 3 0.001771 0.001771 
   d 6 -0.001768 3 0.001576 0.001576 
   d 7 -0.000019 3 0.001064 0.001064 
   d 8 0.000866 3 0.000375 0.000375 
   d 10 0.000909 3 -0 0 
   d 11 0.000866 3 -0.000375 -0.000375 
   d 12 -0.000019 3 -0.001064 -0.001064 
   d 13 -0.001768 3 -0.001576 -0.001576 
   d 15 -0.003919 3 -0.001771 -0.001771 
   d 16 -0.006151 3 -0.001703 -0.001703 
   d 17 -0.008134 3 -0.00137 -0.00137 
   d 18 -0.009542 3 -0.000783 -0.000783 
   d 20 -0.010072 3 -0.000428 0 
  c rz 17
   d 0 0.200814 3 0 -0.014607 
   d 1 0.182736 3 -0.026414 -0.026414 
   d 2 0.135433 3 -0.045406 -0.045406 
   d 3 0.070346 3 -0.055233 -0.055233 
   d 5 -0.001282 3 -0.056421 -0.056421 
   d 6 -0.069309 3 -0.049838 -0.049838 
   d 7 -0.124642 3 -0.034625 -0.034625 
   d 8 -0.155015 3 -0.017226 -0.017226 
   d 10 -0.167281 3 0 0 
   d 11 -0.155015 3 0.017226 0.017226 
   d 12 -0.124642 3 0.034625 0.034625 
   d 13 -0.069309 3 0.049838 0.049838 
   d 15 -0.001282 3 0.056421 0.056421 
   d 16 0.070346 3 0.055233 0.055233 
   d 17 0.135433 3 0.045406 0.045406 
   d 18 0.182736 3 0.026414 0.026414 
   d 20 0.200814 3 0.014607 0 
 n l_leg_low 3
  c rx 17
   d 0 0.707693 3 0 -0.014659 
   d 1 0.689551 3 -0.027963 -0.027963 
   d 2 0.638479 3 -0.053333 -0.053333 
   d 3 0.557539 3 -0.076856 -0.076856 
   d 5 0.448241 3 -0.09944 -0.09944 
   d 6 0.311401 3 -0.121029 -0.121029 
   d 7 0.148664 3 -0.171937 -0.171937 
   d 8 -0.114185 3 -0.138052 -0.138052 
   d 10 -0.19305 3 -0 0 
   d 11 -0.114185 3 0.138052 0.138052 
   d 12 0.148664 3 0.171937 0.171937 
   d 13 0.311401 3 0.121029 0.121029 
   d 15 0.448241 3 0.09944 0.09944 
   d 16 0.557539 3 0.076856 0.076856 
   d 17 0.638479 3 0.053333 0.053333 
   d 18 0.689551 3 0.027963 0.027963 
   d 20 0.707693 3 0.014659 0 
  c ry 17
   d 0 0.003657 3 0 -0.000076 
   d 1 0.003564 3 -0.000145 -0.000145 
   d 2 0.0033 3 -0.000276 -0.000276 
   d 3 0.002881 3 -0.000397 -0.000397 
   d 5 0.002317 3 -0.000514 -0.000514 
   d 6 0.001609 3 -0.000625 -0.000625 
   d 7 0.000771 3 -0.000901 -0.000901 
   d 8 -0.00062 3 -0.000733 -0.000733 
   d 10 -0.001044 3 -0 0 
   d 11 -0.00062 3 0.000733 0.000733 
   d 12 0.000771 3 0.000901 0.000901 
   d 13 0.001609 3 0.000625 0.000625 
   d 15 0.002317 3 0.000514 0.000514 
   d 16 0.002881 3 0.000397 0.000397 
   d 17 0.0033 3 0.000276 0.000276 
   d 18 0.003564 3 0.000145 0.000145 
   d 20 0.003657 3 0.000076 0 
  c rz 17
   d 0 0.071828 3 0 -0.001488 
   d 1 0.069987 3 -0.002838 -0.002838 
   d 2 0.064803 3 -0.005413 -0.005413 
   d 3 0.056588 3 -0.007801 -0.007801 
   d 5 0.045495 3 -0.010093 -0.010093 
   d 6 0.031606 3 -0.012286 -0.012286 
   d 7 0.015083 3 -0.017423 -0.017423 
   d 8 -0.01152 3 -0.013966 -0.013966 
   d 10 -0.019487 3 -0 0 
   d 11 -0.01152 3 0.013966 0.013966 
   d 12 0.015083 3 0.017423 0.017423 
   d 13 0.031606 3 0.012286 0.012286 
   d 15 0.045495 3 0.010093 0.010093 
   d 16 0.056588 3 0.007801 0.007801 
   d 17 0.064803 3 0.005413 0.005413 
   d 18 0.069987 3 0.002838 0.002838 
   d 20 0.071828 3 0.001488 0 
 n l_foot 3
  c rx 17
   d 0 -0.353971 3 0 0.007254 
   d 1 -0.344994 3 0.013873 0.013873 
   d 2 -0.319633 3 0.026563 0.026563 
   d 3 -0.279244 3 0.038435 0.038435 
   d 5 -0.224496 3 0.049851 0.049851 
   d 6 -0.155851 3 0.060687 0.060687 
   d 7 -0.07428 3 0.08577 0.08577 
   d 8 0.05645 3 0.071036 0.071036 
   d 10 0.101552 3 -0 0 
   d 11 0.05645 3 -0.071036 -0.071036 
   d 12 -0.07428 3 -0.08577 -0.08577 
   d 13 -0.155851 3 -0.060687 -0.060687 
   d 15 -0.224496 3 -0.049851 -0.049851 
   d 16 -0.279244 3 -0.038435 -0.038435 
   d 17 -0.319633 3 -0.026563 -0.026563 
   d 18 -0.344994 3 -0.013873 -0.013873 
   d 20 -0.353971 3 -0.007254 0 
  c ry 17
   d 0 -0.043717 3 0 0.002334 
   d 1 -0.040828 3 0.004144 0.004144 
   d 2 -0.03346 3 0.006859 0.006859 
   d 3 -0.023851 3 0.007795 0.007795 
   d 5 -0.014165 3 0.007139 0.007139 
   d 6 -0.006181 3 0.005207 0.005207 
   d 7 -0.001277 3 0.001399 0.001399 
   d 8 -0.002717 3 -0.00131 -0.00131 
   d 10 -0.004519 3 -0 0 
   d 11 -0.002717 3 0.00131 0.00131 
   d 12 -0.001277 3 -0.001399 -0.001399 
   d 13 -0.006181 3 -0.005207 -0.005207 
   d 15 -0.014165 3 -0.007139 -0.007139 
   d 16 -0.023851 3 -0.007795 -0.007795 
   d 17 -0.03346 3 -0.006859 -0.006859 
   d 18 -0.040828 3 -0.004144 -0.004144 
   d 20 -0.043717 3 -0.002334 0 
  c rz 17
   d 0 -0.065809 3 0 0.002989 
   d 1 -0.06211 3 0.005393 0.005393 
   d 2 -0.052459 3 0.009274 0.009274 
   d 3 -0.039154 3 0.011429 0.011429 
   d 5 -0.02417 3 0.012232 0.012232 
   d 6 -0.008877 3 0.012125 0.012125 
   d 7 0.005842 3 0.012845 0.012845 
   d 8 0.022918 3 0.008981 0.008981 
   d 10 0.028073 3 -0 -0 
   d 11 0.022918 3 -0.008981 -0.008981 
   d 12 0.005842 3 -0.012845 -0.012845 
   d 13 -0.008877 3 -0.012125 -0.012125 
   d 15 -0.02417 3 -0.012232 -0.012232 
   d 16 -0.039154 3 -0.011429 -0.011429 
   d 17 -0.052459 3 -0.009274 -0.009274 
   d 18 -0.06211 3 -0.005393 -0.005393 
   d 20 -0.065809 3 -0.002989 0 
 n l_foot_end 3
  c rx 17
   d 0 0 3 0 0 
   d 1 0 3 -0 0 
   d 2 0 3 -0 0 
   d 3 0 3 -0 0 
   d 5 0 3 -0 0 
   d 6 0 3 -0 0 
   d 7 0 3 -0 0 
   d 8 0 3 -0 0 
   d 10 0 3 -0 0 
   d 11 0 3 -0 0 
   d 12 0 3 -0 0 
   d 13 0 3 -0 0 
   d 15 0 3 -0 0 
   d 16 0 3 -0 0 
   d 17 0 3 -0 0 
   d 18 0 3 -0 0 
   d 20 0 3 -0 0 
  c ry 17
   d 0 0 3 0 0 
   d 1 0 3 -0 0 
   d 2 0 3 -0 0 
   d 3 0 3 -0 0 
   d 5 0 3 -0 0 
   d 6 0 3 -0 0 
   d 7 0 3 -0 0 
   d 8 0 3 -0 0 
   d 10 0 3 -0 0 
   d 11 0 3 -0 0 
   d 12 0 3 -0 0 
   d 13 0 3 -0 0 
   d 15 0 3 -0 0 
   d 16 0 3 -0 0 
   d 17 0 3 -0 0 
   d 18 0 3 -0 0 
   d 20 0 3 -0 0 
  c rz 17
   d 0 0 3 0 0 
   d 1 0 3 -0 0 
   d 2 0 3 -0 0 
   d 3 0 3 -0 0 
   d 5 0 3 -0 0 
   d 6 0 3 -0 0 
   d 7 0 3 -0 0 
   d 8 0 3 -0 0 
   d 10 0 3 -0 0 
   d 11 0 3 -0 0 
   d 12 0 3 -0 0 
   d 13 0 3 -0 0 
   d 15 0 3 -0 0 
   d 16 0 3 -0 0 
   d 17 0 3 -0 0 
   d 18 0 3 -0 0 
   d 20 0 3 -0 0 
 n l_gr_foot 0
 n ikHandle1 0
 n ikHandle2 0
 n r_gr_foot 0
 n ikHandle3 0
 n ikHandle4 0
}
